"train","departed","arrived","from","to","instance","times"
"2 (04-26)",true,true,"VANCOUVER","TORONTO","2024-04-26","[{""station"":""Vancouver"",""code"":""VCVR"",""estimated"":""2024-04-26T22:00:00Z"",""scheduled"":""2024-04-26T22:00:00Z"",""eta"":""ARR"",""departure"":{""estimated"":""2024-04-26T22:00:00Z"",""scheduled"":""2024-04-26T22:00:00Z""},""diff"":""goo"",""diffMin"":0},{""station"":""Mission Harbour"",""code"":""MSNH"",""estimated"":""2024-04-27T00:19:03Z"",""scheduled"":""2024-04-26T23:35:00Z"",""eta"":""ARR"",""arrival"":{""estimated"":""2024-04-27T00:19:03Z"",""scheduled"":""2024-04-26T23:35:00Z""},""departure"":{""estimated"":""2024-04-27T00:19:03Z"",""scheduled"":""2024-04-26T23:35:02Z""},""diff"":""bad"",""diffMin"":44},{""station"":""Agassiz"",""code"":""AGAS"",""estimated"":""2024-04-27T01:04:27Z"",""scheduled"":""2024-04-27T00:03:00Z"",""eta"":""ARR"",""arrival"":{""estimated"":""2024-04-27T01:04:27Z"",""scheduled"":""2024-04-27T00:03:00Z""},""departure"":{""estimated"":""2024-04-27T01:04:27Z"",""scheduled"":""2024-04-27T00:03:02Z""},""diff"":""bad"",""diffMin"":61},{""station"":""Katz"",""code"":""KATZ"",""estimated"":""2024-04-27T01:24:49Z"",""scheduled"":""2024-04-27T00:17:00Z"",""eta"":""ARR"",""arrival"":{""estimated"":""2024-04-27T01:24:49Z"",""scheduled"":""2024-04-27T00:17:00Z""},""departure"":{""estimated"":""2024-04-27T01:24:49Z"",""scheduled"":""2024-04-27T00:17:02Z""},""diff"":""bad"",""diffMin"":67},{""station"":""North Bend"",""code"":""NBND"",""estimated"":""2024-04-27T03:33:06Z"",""scheduled"":""2024-04-27T02:46:00Z"",""eta"":""ARR"",""arrival"":{""estimated"":""2024-04-27T03:33:06Z"",""scheduled"":""2024-04-27T02:46:00Z""},""departure"":{""estimated"":""2024-04-27T03:33:06Z"",""scheduled"":""2024-04-27T02:46:02Z""},""diff"":""bad"",""diffMin"":47},{""station"":""Ashcroft"",""code"":""ASHN"",""estimated"":""2024-04-27T07:19:22Z"",""scheduled"":""2024-04-27T05:32:00Z"",""eta"":""ARR"",""arrival"":{""estimated"":""2024-04-27T07:19:22Z"",""scheduled"":""2024-04-27T05:32:00Z""},""departure"":{""estimated"":""2024-04-27T07:19:22Z"",""scheduled"":""2024-04-27T05:32:02Z""},""diff"":""bad"",""diffMin"":107},{""station"":""Kamloops North"",""code"":""KAMN"",""estimated"":""2024-04-27T10:15:03Z"",""scheduled"":""2024-04-27T07:17:00Z"",""eta"":""ARR"",""arrival"":{""estimated"":""2024-04-27T10:15:03Z"",""scheduled"":""2024-04-27T07:17:00Z""},""departure"":{""estimated"":""2024-04-27T10:15:03Z"",""scheduled"":""2024-04-27T07:52:00Z""},""diff"":""bad"",""diffMin"":178},{""station"":""Clearwater"",""code"":""CLWT"",""estimated"":""2024-04-27T13:08:44Z"",""scheduled"":""2024-04-27T09:58:00Z"",""eta"":""ARR"",""arrival"":{""estimated"":""2024-04-27T13:08:44Z"",""scheduled"":""2024-04-27T09:58:00Z""},""departure"":{""estimated"":""2024-04-27T13:08:44Z"",""scheduled"":""2024-04-27T09:58:02Z""},""diff"":""bad"",""diffMin"":190},{""station"":""Blue River"",""code"":""BLUE"",""estimated"":""2024-04-27T15:24:48Z"",""scheduled"":""2024-04-27T12:11:00Z"",""eta"":""ARR"",""arrival"":{""estimated"":""2024-04-27T15:24:48Z"",""scheduled"":""2024-04-27T12:11:00Z""},""departure"":{""estimated"":""2024-04-27T15:24:48Z"",""scheduled"":""2024-04-27T12:11:02Z""},""diff"":""bad"",""diffMin"":193},{""station"":""Valemount"",""code"":""VLMT"",""estimated"":""2024-04-27T17:56:31Z"",""scheduled"":""2024-04-27T14:01:00Z"",""eta"":""ARR"",""arrival"":{""estimated"":""2024-04-27T17:56:31Z"",""scheduled"":""2024-04-27T14:01:00Z""},""departure"":{""estimated"":""2024-04-27T17:56:31Z"",""scheduled"":""2024-04-27T14:01:02Z""},""diff"":""bad"",""diffMin"":235},{""station"":""Jasper"",""code"":""JASP"",""estimated"":""2024-04-27T20:44:05Z"",""scheduled"":""2024-04-27T17:00:00Z"",""eta"":""ARR"",""arrival"":{""estimated"":""2024-04-27T20:44:05Z"",""scheduled"":""2024-04-27T17:00:00Z""},""departure"":{""estimated"":""2024-04-27T20:44:05Z"",""scheduled"":""2024-04-27T18:30:00Z""},""diff"":""bad"",""diffMin"":224},{""station"":""Hinton"",""code"":""HINT"",""estimated"":""2024-04-27T23:19:41Z"",""scheduled"":""2024-04-27T19:45:00Z"",""eta"":""ARR"",""arrival"":{""estimated"":""2024-04-27T23:19:41Z"",""scheduled"":""2024-04-27T19:45:00Z""},""departure"":{""estimated"":""2024-04-27T23:19:41Z"",""scheduled"":""2024-04-27T19:45:02Z""},""diff"":""bad"",""diffMin"":214},{""station"":""Edson"",""code"":""EDSN"",""estimated"":""2024-04-28T00:42:11Z"",""scheduled"":""2024-04-27T21:19:00Z"",""eta"":""ARR"",""arrival"":{""estimated"":""2024-04-28T00:42:11Z"",""scheduled"":""2024-04-27T21:19:00Z""},""departure"":{""estimated"":""2024-04-28T00:42:11Z"",""scheduled"":""2024-04-27T21:19:02Z""},""diff"":""bad"",""diffMin"":203},{""station"":""Evansburg"",""code"":""EVAN"",""estimated"":""2024-04-28T02:27:52Z"",""scheduled"":""2024-04-27T22:28:00Z"",""eta"":""ARR"",""arrival"":{""estimated"":""2024-04-28T02:27:52Z"",""scheduled"":""2024-04-27T22:28:00Z""},""departure"":{""estimated"":""2024-04-28T02:27:52Z"",""scheduled"":""2024-04-27T22:28:02Z""},""diff"":""bad"",""diffMin"":239},{""station"":""Edmonton"",""code"":""EDMO"",""estimated"":""2024-04-28T04:37:37Z"",""scheduled"":""2024-04-28T00:50:00Z"",""eta"":""ARR"",""arrival"":{""estimated"":""2024-04-28T04:37:37Z"",""scheduled"":""2024-04-28T00:50:00Z""},""departure"":{""estimated"":""2024-04-28T04:37:37Z"",""scheduled"":""2024-04-28T01:50:00Z""},""diff"":""bad"",""diffMin"":227},{""station"":""Viking"",""code"":""VKNG"",""estimated"":""2024-04-28T07:48:39Z"",""scheduled"":""2024-04-28T03:53:00Z"",""eta"":""ARR"",""arrival"":{""estimated"":""2024-04-28T07:48:39Z"",""scheduled"":""2024-04-28T03:53:00Z""},""departure"":{""estimated"":""2024-04-28T07:48:39Z"",""scheduled"":""2024-04-28T03:53:02Z""},""diff"":""bad"",""diffMin"":235},{""station"":""Wainwright"",""code"":""WAIN"",""estimated"":""2024-04-28T08:37:26Z"",""scheduled"":""2024-04-28T06:14:00Z"",""eta"":""ARR"",""arrival"":{""estimated"":""2024-04-28T08:37:26Z"",""scheduled"":""2024-04-28T06:14:00Z""},""departure"":{""estimated"":""2024-04-28T08:37:26Z"",""scheduled"":""2024-04-28T06:14:02Z""},""diff"":""bad"",""diffMin"":143},{""station"":""Unity"",""code"":""UNIT"",""estimated"":""2024-04-28T12:11:30Z"",""scheduled"":""2024-04-28T07:47:00Z"",""eta"":""ARR"",""arrival"":{""estimated"":""2024-04-28T12:11:30Z"",""scheduled"":""2024-04-28T07:47:00Z""},""departure"":{""estimated"":""2024-04-28T12:11:30Z"",""scheduled"":""2024-04-28T07:47:02Z""},""diff"":""bad"",""diffMin"":264},{""station"":""Biggar"",""code"":""BIGG"",""estimated"":""2024-04-28T14:23:53Z"",""scheduled"":""2024-04-28T09:21:00Z"",""eta"":""ARR"",""arrival"":{""estimated"":""2024-04-28T14:23:53Z"",""scheduled"":""2024-04-28T09:21:00Z""},""departure"":{""estimated"":""2024-04-28T14:23:53Z"",""scheduled"":""2024-04-28T09:31:00Z""},""diff"":""bad"",""diffMin"":302},{""station"":""Saskatoon"",""code"":""SASK"",""estimated"":""2024-04-28T16:07:22Z"",""scheduled"":""2024-04-28T11:57:00Z"",""eta"":""ARR"",""arrival"":{""estimated"":""2024-04-28T16:07:22Z"",""scheduled"":""2024-04-28T11:57:00Z""},""departure"":{""estimated"":""2024-04-28T16:07:22Z"",""scheduled"":""2024-04-28T12:57:00Z""},""diff"":""bad"",""diffMin"":250},{""station"":""Watrous"",""code"":""WATR"",""estimated"":""2024-04-28T19:22:32Z"",""scheduled"":""2024-04-28T14:26:00Z"",""eta"":""ARR"",""arrival"":{""estimated"":""2024-04-28T19:22:32Z"",""scheduled"":""2024-04-28T14:26:00Z""},""departure"":{""estimated"":""2024-04-28T19:22:32Z"",""scheduled"":""2024-04-28T14:26:02Z""},""diff"":""bad"",""diffMin"":296},{""station"":""Melville"",""code"":""MELV"",""estimated"":""2024-04-28T22:19:52Z"",""scheduled"":""2024-04-28T18:47:00Z"",""eta"":""ARR"",""arrival"":{""estimated"":""2024-04-28T22:19:52Z"",""scheduled"":""2024-04-28T18:47:00Z""},""departure"":{""estimated"":""2024-04-28T22:19:52Z"",""scheduled"":""2024-04-28T18:57:00Z""},""diff"":""bad"",""diffMin"":212},{""station"":""Rivers"",""code"":""RVRS"",""estimated"":""2024-04-29T03:18:40Z"",""scheduled"":""2024-04-28T22:22:00Z"",""eta"":""ARR"",""arrival"":{""estimated"":""2024-04-29T03:18:40Z"",""scheduled"":""2024-04-28T22:22:00Z""},""departure"":{""estimated"":""2024-04-29T03:18:40Z"",""scheduled"":""2024-04-28T22:22:02Z""},""diff"":""bad"",""diffMin"":296},{""station"":""Portage La Prairie"",""code"":""PLPX"",""estimated"":""2024-04-29T05:52:42Z"",""scheduled"":""2024-04-29T00:15:00Z"",""eta"":""ARR"",""arrival"":{""estimated"":""2024-04-29T05:52:42Z"",""scheduled"":""2024-04-29T00:15:00Z""},""departure"":{""estimated"":""2024-04-29T05:52:42Z"",""scheduled"":""2024-04-29T00:15:02Z""},""diff"":""bad"",""diffMin"":337},{""station"":""Winnipeg"",""code"":""WNPG"",""estimated"":""2024-04-29T07:05:19Z"",""scheduled"":""2024-04-29T03:00:00Z"",""eta"":""ARR"",""arrival"":{""estimated"":""2024-04-29T07:05:19Z"",""scheduled"":""2024-04-29T03:00:00Z""},""departure"":{""estimated"":""2024-04-29T07:05:19Z"",""scheduled"":""2024-04-29T04:30:00Z""},""diff"":""bad"",""diffMin"":245},{""station"":""Elma"",""code"":""ELMA"",""estimated"":""2024-04-29T09:41:28Z"",""scheduled"":""2024-04-29T05:37:00Z"",""eta"":""ARR"",""arrival"":{""estimated"":""2024-04-29T09:41:28Z"",""scheduled"":""2024-04-29T05:37:00Z""},""departure"":{""estimated"":""2024-04-29T09:41:28Z"",""scheduled"":""2024-04-29T05:37:02Z""},""diff"":""bad"",""diffMin"":244},{""station"":""Brereton Lake"",""code"":""BRTL"",""estimated"":""2024-04-29T09:57:56Z"",""scheduled"":""2024-04-29T05:58:00Z"",""eta"":""ARR"",""arrival"":{""estimated"":""2024-04-29T09:57:56Z"",""scheduled"":""2024-04-29T05:58:00Z""},""departure"":{""estimated"":""2024-04-29T09:57:56Z"",""scheduled"":""2024-04-29T05:58:02Z""},""diff"":""bad"",""diffMin"":239},{""station"":""Ophir"",""code"":""OPHR"",""estimated"":""2024-04-29T10:13:46Z"",""scheduled"":""2024-04-29T06:16:00Z"",""eta"":""ARR"",""arrival"":{""estimated"":""2024-04-29T10:13:46Z"",""scheduled"":""2024-04-29T06:16:00Z""},""departure"":{""estimated"":""2024-04-29T10:13:46Z"",""scheduled"":""2024-04-29T06:16:02Z""},""diff"":""bad"",""diffMin"":237},{""station"":""Winnitoba"",""code"":""WNTB"",""estimated"":""2024-04-29T10:17:26Z"",""scheduled"":""2024-04-29T06:21:00Z"",""eta"":""ARR"",""arrival"":{""estimated"":""2024-04-29T10:17:26Z"",""scheduled"":""2024-04-29T06:21:00Z""},""departure"":{""estimated"":""2024-04-29T10:17:26Z"",""scheduled"":""2024-04-29T06:21:02Z""},""diff"":""bad"",""diffMin"":236},{""station"":""Rice Lake"",""code"":""RCLK"",""estimated"":""2024-04-29T10:23:50Z"",""scheduled"":""2024-04-29T06:35:00Z"",""eta"":""ARR"",""arrival"":{""estimated"":""2024-04-29T10:23:50Z"",""scheduled"":""2024-04-29T06:35:00Z""},""departure"":{""estimated"":""2024-04-29T10:23:50Z"",""scheduled"":""2024-04-29T06:35:02Z""},""diff"":""bad"",""diffMin"":228},{""station"":""Copelands Landing"",""code"":""COPE"",""estimated"":""2024-04-29T10:26:28Z"",""scheduled"":""2024-04-29T06:38:00Z"",""eta"":""ARR"",""arrival"":{""estimated"":""2024-04-29T10:26:28Z"",""scheduled"":""2024-04-29T06:38:00Z""},""departure"":{""estimated"":""2024-04-29T10:26:28Z"",""scheduled"":""2024-04-29T06:38:02Z""},""diff"":""bad"",""diffMin"":228},{""station"":""Malachi"",""code"":""MLCH"",""estimated"":""2024-04-29T10:28:28Z"",""scheduled"":""2024-04-29T06:40:00Z"",""eta"":""ARR"",""arrival"":{""estimated"":""2024-04-29T10:28:28Z"",""scheduled"":""2024-04-29T06:40:00Z""},""departure"":{""estimated"":""2024-04-29T10:28:28Z"",""scheduled"":""2024-04-29T06:40:02Z""},""diff"":""bad"",""diffMin"":228},{""station"":""Ottermere"",""code"":""OTTM"",""estimated"":""2024-04-29T10:49:45Z"",""scheduled"":""2024-04-29T06:46:00Z"",""eta"":""ARR"",""arrival"":{""estimated"":""2024-04-29T10:49:45Z"",""scheduled"":""2024-04-29T06:46:00Z""},""departure"":{""estimated"":""2024-04-29T10:49:45Z"",""scheduled"":""2024-04-29T06:46:02Z""},""diff"":""bad"",""diffMin"":243},{""station"":""Minaki"",""code"":""MNKI"",""estimated"":""2024-04-29T11:05:36Z"",""scheduled"":""2024-04-29T07:03:00Z"",""eta"":""ARR"",""arrival"":{""estimated"":""2024-04-29T11:05:36Z"",""scheduled"":""2024-04-29T07:03:00Z""},""departure"":{""estimated"":""2024-04-29T11:05:36Z"",""scheduled"":""2024-04-29T07:03:02Z""},""diff"":""bad"",""diffMin"":242},{""station"":""Redditt"",""code"":""RDDT"",""estimated"":""2024-04-29T11:26:13Z"",""scheduled"":""2024-04-29T07:29:00Z"",""eta"":""ARR"",""arrival"":{""estimated"":""2024-04-29T11:26:13Z"",""scheduled"":""2024-04-29T07:29:00Z""},""departure"":{""estimated"":""2024-04-29T11:26:13Z"",""scheduled"":""2024-04-29T07:29:02Z""},""diff"":""bad"",""diffMin"":237},{""station"":""Farlane"",""code"":""FARL"",""estimated"":""2024-04-29T11:40:54Z"",""scheduled"":""2024-04-29T07:46:00Z"",""eta"":""ARR"",""arrival"":{""estimated"":""2024-04-29T11:40:54Z"",""scheduled"":""2024-04-29T07:46:00Z""},""departure"":{""estimated"":""2024-04-29T11:40:54Z"",""scheduled"":""2024-04-29T07:46:02Z""},""diff"":""bad"",""diffMin"":234},{""station"":""Canyon"",""code"":""CNYK"",""estimated"":""2024-04-29T12:13:20Z"",""scheduled"":""2024-04-29T08:23:00Z"",""eta"":""ARR"",""arrival"":{""estimated"":""2024-04-29T12:13:20Z"",""scheduled"":""2024-04-29T08:23:00Z""},""departure"":{""estimated"":""2024-04-29T12:13:20Z"",""scheduled"":""2024-04-29T08:23:02Z""},""diff"":""bad"",""diffMin"":230},{""station"":""Red Lake Road"",""code"":""RLRX"",""estimated"":""2024-04-29T13:33:13Z"",""scheduled"":""2024-04-29T08:51:00Z"",""eta"":""ARR"",""arrival"":{""estimated"":""2024-04-29T13:33:13Z"",""scheduled"":""2024-04-29T08:51:00Z""},""departure"":{""estimated"":""2024-04-29T13:33:13Z"",""scheduled"":""2024-04-29T08:51:02Z""},""diff"":""bad"",""diffMin"":282},{""station"":""Richan"",""code"":""RCHN"",""estimated"":""2024-04-29T14:05:49Z"",""scheduled"":""2024-04-29T09:28:00Z"",""eta"":""ARR"",""arrival"":{""estimated"":""2024-04-29T14:05:49Z"",""scheduled"":""2024-04-29T09:28:00Z""},""departure"":{""estimated"":""2024-04-29T14:05:49Z"",""scheduled"":""2024-04-29T09:28:02Z""},""diff"":""bad"",""diffMin"":277},{""station"":""Sioux Lookout"",""code"":""SLKT"",""estimated"":""2024-04-29T15:09:33Z"",""scheduled"":""2024-04-29T11:01:00Z"",""eta"":""ARR"",""arrival"":{""estimated"":""2024-04-29T15:09:33Z"",""scheduled"":""2024-04-29T11:01:00Z""},""departure"":{""estimated"":""2024-04-29T15:09:33Z"",""scheduled"":""2024-04-29T11:51:00Z""},""diff"":""bad"",""diffMin"":248},{""station"":""Savant Lake"",""code"":""SAVL"",""estimated"":""2024-04-29T16:45:38Z"",""scheduled"":""2024-04-29T13:14:00Z"",""eta"":""ARR"",""arrival"":{""estimated"":""2024-04-29T16:45:38Z"",""scheduled"":""2024-04-29T13:14:00Z""},""departure"":{""estimated"":""2024-04-29T16:45:38Z"",""scheduled"":""2024-04-29T13:14:02Z""},""diff"":""bad"",""diffMin"":211},{""station"":""Flindt Landing"",""code"":""FLTL"",""estimated"":""2024-04-29T17:02:38Z"",""scheduled"":""2024-04-29T13:31:00Z"",""eta"":""ARR"",""arrival"":{""estimated"":""2024-04-29T17:02:38Z"",""scheduled"":""2024-04-29T13:31:00Z""},""departure"":{""estimated"":""2024-04-29T17:02:38Z"",""scheduled"":""2024-04-29T13:31:02Z""},""diff"":""bad"",""diffMin"":211},{""station"":""Allanwater Bridge"",""code"":""ALWB"",""estimated"":""2024-04-29T17:52:26Z"",""scheduled"":""2024-04-29T13:46:00Z"",""eta"":""ARR"",""arrival"":{""estimated"":""2024-04-29T17:52:26Z"",""scheduled"":""2024-04-29T13:46:00Z""},""departure"":{""estimated"":""2024-04-29T17:52:26Z"",""scheduled"":""2024-04-29T13:46:02Z""},""diff"":""bad"",""diffMin"":246},{""station"":""Collins"",""code"":""COLL"",""estimated"":""2024-04-29T18:32:26Z"",""scheduled"":""2024-04-29T14:26:00Z"",""eta"":""ARR"",""arrival"":{""estimated"":""2024-04-29T18:32:26Z"",""scheduled"":""2024-04-29T14:26:00Z""},""departure"":{""estimated"":""2024-04-29T18:32:26Z"",""scheduled"":""2024-04-29T14:26:02Z""},""diff"":""bad"",""diffMin"":246},{""station"":""Armstrong"",""code"":""ARMG"",""estimated"":""2024-04-29T19:03:03Z"",""scheduled"":""2024-04-29T14:57:00Z"",""eta"":""ARR"",""arrival"":{""estimated"":""2024-04-29T19:03:03Z"",""scheduled"":""2024-04-29T14:57:00Z""},""departure"":{""estimated"":""2024-04-29T19:03:03Z"",""scheduled"":""2024-04-29T14:57:02Z""},""diff"":""bad"",""diffMin"":246},{""station"":""Mud River"",""code"":""MUDR"",""estimated"":""2024-04-29T19:47:37Z"",""scheduled"":""2024-04-29T15:29:00Z"",""eta"":""ARR"",""arrival"":{""estimated"":""2024-04-29T19:47:37Z"",""scheduled"":""2024-04-29T15:29:00Z""},""departure"":{""estimated"":""2024-04-29T19:47:37Z"",""scheduled"":""2024-04-29T15:29:02Z""},""diff"":""bad"",""diffMin"":258},{""station"":""Ferland"",""code"":""FERL"",""estimated"":""2024-04-29T19:55:37Z"",""scheduled"":""2024-04-29T15:37:00Z"",""eta"":""ARR"",""arrival"":{""estimated"":""2024-04-29T19:55:37Z"",""scheduled"":""2024-04-29T15:37:00Z""},""departure"":{""estimated"":""2024-04-29T19:55:37Z"",""scheduled"":""2024-04-29T15:37:02Z""},""diff"":""bad"",""diffMin"":258},{""station"":""Auden"",""code"":""AUDN"",""estimated"":""2024-04-29T20:32:37Z"",""scheduled"":""2024-04-29T16:14:00Z"",""eta"":""ARR"",""arrival"":{""estimated"":""2024-04-29T20:32:37Z"",""scheduled"":""2024-04-29T16:14:00Z""},""departure"":{""estimated"":""2024-04-29T20:32:37Z"",""scheduled"":""2024-04-29T16:14:02Z""},""diff"":""bad"",""diffMin"":258},{""station"":""Nakina"",""code"":""NAKI"",""estimated"":""2024-04-29T21:24:11Z"",""scheduled"":""2024-04-29T17:20:00Z"",""eta"":""ARR"",""arrival"":{""estimated"":""2024-04-29T21:24:11Z"",""scheduled"":""2024-04-29T17:20:00Z""},""departure"":{""estimated"":""2024-04-29T21:24:11Z"",""scheduled"":""2024-04-29T17:20:02Z""},""diff"":""bad"",""diffMin"":244},{""station"":""Longlac"",""code"":""LLAC"",""estimated"":""2024-04-29T22:05:39Z"",""scheduled"":""2024-04-29T18:11:00Z"",""eta"":""ARR"",""arrival"":{""estimated"":""2024-04-29T22:05:39Z"",""scheduled"":""2024-04-29T18:11:00Z""},""departure"":{""estimated"":""2024-04-29T22:05:39Z"",""scheduled"":""2024-04-29T18:11:02Z""},""diff"":""bad"",""diffMin"":234},{""station"":""Caramat"",""code"":""CARA"",""estimated"":""2024-04-29T22:54:50Z"",""scheduled"":""2024-04-29T18:39:00Z"",""eta"":""ARR"",""arrival"":{""estimated"":""2024-04-29T22:54:50Z"",""scheduled"":""2024-04-29T18:39:00Z""},""departure"":{""estimated"":""2024-04-29T22:54:50Z"",""scheduled"":""2024-04-29T18:39:02Z""},""diff"":""bad"",""diffMin"":255},{""station"":""Hillsport"",""code"":""HLSP"",""estimated"":""2024-04-29T23:42:40Z"",""scheduled"":""2024-04-29T19:29:00Z"",""eta"":""ARR"",""arrival"":{""estimated"":""2024-04-29T23:42:40Z"",""scheduled"":""2024-04-29T19:29:00Z""},""departure"":{""estimated"":""2024-04-29T23:42:40Z"",""scheduled"":""2024-04-29T19:29:02Z""},""diff"":""bad"",""diffMin"":253},{""station"":""Hornepayne"",""code"":""HNPN"",""estimated"":""2024-04-30T01:16:21Z"",""scheduled"":""2024-04-29T21:44:00Z"",""eta"":""ARR"",""arrival"":{""estimated"":""2024-04-30T01:16:21Z"",""scheduled"":""2024-04-29T21:44:00Z""},""departure"":{""estimated"":""2024-04-30T01:16:21Z"",""scheduled"":""2024-04-29T22:39:00Z""},""diff"":""bad"",""diffMin"":212},{""station"":""Oba"",""code"":""OBAX"",""estimated"":""2024-04-30T02:35:58Z"",""scheduled"":""2024-04-29T23:30:00Z"",""eta"":""ARR"",""arrival"":{""estimated"":""2024-04-30T02:35:58Z"",""scheduled"":""2024-04-29T23:30:00Z""},""departure"":{""estimated"":""2024-04-30T02:35:58Z"",""scheduled"":""2024-04-29T23:30:02Z""},""diff"":""bad"",""diffMin"":185},{""station"":""Elsas"",""code"":""ELSA"",""estimated"":""2024-04-30T04:09:58Z"",""scheduled"":""2024-04-30T01:04:00Z"",""eta"":""ARR"",""arrival"":{""estimated"":""2024-04-30T04:09:58Z"",""scheduled"":""2024-04-30T01:04:00Z""},""departure"":{""estimated"":""2024-04-30T04:09:58Z"",""scheduled"":""2024-04-30T01:04:02Z""},""diff"":""bad"",""diffMin"":185},{""station"":""Foleyet"",""code"":""FOLE"",""estimated"":""2024-04-30T05:02:36Z"",""scheduled"":""2024-04-30T02:27:00Z"",""eta"":""ARR"",""arrival"":{""estimated"":""2024-04-30T05:02:36Z"",""scheduled"":""2024-04-30T02:27:00Z""},""departure"":{""estimated"":""2024-04-30T05:02:36Z"",""scheduled"":""2024-04-30T02:27:02Z""},""diff"":""bad"",""diffMin"":155},{""station"":""Gogama"",""code"":""GOGA"",""estimated"":""2024-04-30T06:46:39Z"",""scheduled"":""2024-04-30T04:02:00Z"",""eta"":""ARR"",""arrival"":{""estimated"":""2024-04-30T06:46:39Z"",""scheduled"":""2024-04-30T04:02:00Z""},""departure"":{""estimated"":""2024-04-30T06:46:39Z"",""scheduled"":""2024-04-30T04:02:02Z""},""diff"":""bad"",""diffMin"":164},{""station"":""Westree"",""code"":""WSTR"",""estimated"":""2024-04-30T07:19:19Z"",""scheduled"":""2024-04-30T04:35:00Z"",""eta"":""ARR"",""arrival"":{""estimated"":""2024-04-30T07:19:19Z"",""scheduled"":""2024-04-30T04:35:00Z""},""departure"":{""estimated"":""2024-04-30T07:19:19Z"",""scheduled"":""2024-04-30T04:35:02Z""},""diff"":""bad"",""diffMin"":164},{""station"":""Ruel"",""code"":""RUEL"",""estimated"":""2024-04-30T07:36:19Z"",""scheduled"":""2024-04-30T04:52:00Z"",""eta"":""ARR"",""arrival"":{""estimated"":""2024-04-30T07:36:19Z"",""scheduled"":""2024-04-30T04:52:00Z""},""departure"":{""estimated"":""2024-04-30T07:36:19Z"",""scheduled"":""2024-04-30T04:52:02Z""},""diff"":""bad"",""diffMin"":164},{""station"":""Felix"",""code"":""FELX"",""estimated"":""2024-04-30T07:44:19Z"",""scheduled"":""2024-04-30T05:00:00Z"",""eta"":""ARR"",""arrival"":{""estimated"":""2024-04-30T07:44:19Z"",""scheduled"":""2024-04-30T05:00:00Z""},""departure"":{""estimated"":""2024-04-30T07:44:19Z"",""scheduled"":""2024-04-30T05:00:02Z""},""diff"":""bad"",""diffMin"":164},{""station"":""McKee's Camp"",""code"":""MCKC"",""estimated"":""2024-04-30T08:04:19Z"",""scheduled"":""2024-04-30T05:20:00Z"",""eta"":""ARR"",""arrival"":{""estimated"":""2024-04-30T08:04:19Z"",""scheduled"":""2024-04-30T05:20:00Z""},""departure"":{""estimated"":""2024-04-30T08:04:19Z"",""scheduled"":""2024-04-30T05:20:02Z""},""diff"":""bad"",""diffMin"":164},{""station"":""Laforest"",""code"":""LAFO"",""estimated"":""2024-04-30T08:17:19Z"",""scheduled"":""2024-04-30T05:33:00Z"",""eta"":""ARR"",""arrival"":{""estimated"":""2024-04-30T08:17:19Z"",""scheduled"":""2024-04-30T05:33:00Z""},""departure"":{""estimated"":""2024-04-30T08:17:19Z"",""scheduled"":""2024-04-30T05:33:02Z""},""diff"":""bad"",""diffMin"":164},{""station"":""Capreol"",""code"":""CAPR"",""estimated"":""2024-04-30T09:25:39Z"",""scheduled"":""2024-04-30T07:47:00Z"",""eta"":""ARR"",""arrival"":{""estimated"":""2024-04-30T09:25:39Z"",""scheduled"":""2024-04-30T07:47:00Z""},""departure"":{""estimated"":""2024-04-30T09:25:39Z"",""scheduled"":""2024-04-30T08:27:00Z""},""diff"":""bad"",""diffMin"":98},{""station"":""Sudbury (Jct.)"",""code"":""SUDJ"",""estimated"":""2024-04-30T10:29:43Z"",""scheduled"":""2024-04-30T08:49:00Z"",""eta"":""ARR"",""arrival"":{""estimated"":""2024-04-30T10:29:43Z"",""scheduled"":""2024-04-30T08:49:00Z""},""departure"":{""estimated"":""2024-04-30T10:29:43Z"",""scheduled"":""2024-04-30T08:49:02Z""},""diff"":""bad"",""diffMin"":100},{""station"":""Parry Sound"",""code"":""PARS"",""estimated"":""2024-04-30T13:26:44Z"",""scheduled"":""2024-04-30T12:00:00Z"",""eta"":""ARR"",""arrival"":{""estimated"":""2024-04-30T13:26:44Z"",""scheduled"":""2024-04-30T12:00:00Z""},""departure"":{""estimated"":""2024-04-30T13:26:44Z"",""scheduled"":""2024-04-30T12:00:02Z""},""diff"":""bad"",""diffMin"":86},{""station"":""Washago"",""code"":""WSHG"",""estimated"":""2024-04-30T15:34:50Z"",""scheduled"":""2024-04-30T14:00:00Z"",""eta"":""ARR"",""arrival"":{""estimated"":""2024-04-30T15:34:50Z"",""scheduled"":""2024-04-30T14:00:00Z""},""departure"":{""estimated"":""2024-04-30T15:34:50Z"",""scheduled"":""2024-04-30T14:00:02Z""},""diff"":""bad"",""diffMin"":94},{""station"":""Toronto"",""code"":""TRTO"",""estimated"":""2024-04-30T17:58:28Z"",""scheduled"":""2024-04-30T18:29:00Z"",""eta"":""ARR"",""arrival"":{""estimated"":""2024-04-30T17:58:28Z"",""scheduled"":""2024-04-30T18:29:00Z""},""diff"":""goo"",""diffMin"":-30}]"
"1 (04-28)",true,false,"TORONTO","VANCOUVER","2024-04-28","[{""station"":""Toronto"",""code"":""TRTO"",""estimated"":""2024-04-28T13:55:00Z"",""scheduled"":""2024-04-28T13:55:00Z"",""eta"":""ARR"",""departure"":{""estimated"":""2024-04-28T13:55:00Z"",""scheduled"":""2024-04-28T13:55:00Z""},""diff"":""goo"",""diffMin"":0},{""station"":""Washago"",""code"":""WSHG"",""estimated"":""2024-04-28T16:23:41Z"",""scheduled"":""2024-04-28T16:25:00Z"",""eta"":""ARR"",""arrival"":{""estimated"":""2024-04-28T16:23:41Z"",""scheduled"":""2024-04-28T16:25:00Z""},""departure"":{""estimated"":""2024-04-28T16:23:41Z"",""scheduled"":""2024-04-28T16:25:02Z""},""diff"":""goo"",""diffMin"":-1},{""station"":""South Parry"",""code"":""SPAR"",""estimated"":""2024-04-28T18:03:55Z"",""scheduled"":""2024-04-28T18:27:00Z"",""eta"":""ARR"",""arrival"":{""estimated"":""2024-04-28T18:03:55Z"",""scheduled"":""2024-04-28T18:27:00Z""},""departure"":{""estimated"":""2024-04-28T18:11:49Z"",""scheduled"":""2024-04-28T18:27:02Z""},""diff"":""goo"",""diffMin"":-23},{""station"":""Sudbury (Jct.)"",""code"":""SUDJ"",""estimated"":""2024-04-28T20:25:00Z"",""scheduled"":""2024-04-28T20:57:00Z"",""eta"":""ARR"",""arrival"":{""estimated"":""2024-04-28T20:25:00Z"",""scheduled"":""2024-04-28T20:57:00Z""},""departure"":{""estimated"":""2024-04-28T20:28:09Z"",""scheduled"":""2024-04-28T20:57:02Z""},""diff"":""goo"",""diffMin"":-32},{""station"":""Capreol"",""code"":""CAPR"",""estimated"":""2024-04-28T20:51:25Z"",""scheduled"":""2024-04-28T21:22:00Z"",""eta"":""ARR"",""arrival"":{""estimated"":""2024-04-28T20:51:25Z"",""scheduled"":""2024-04-28T21:22:00Z""},""departure"":{""estimated"":""2024-04-28T21:51:39Z"",""scheduled"":""2024-04-28T21:52:00Z""},""diff"":""goo"",""diffMin"":-30},{""station"":""Laforest"",""code"":""LAFO"",""estimated"":""2024-04-28T22:42:34Z"",""scheduled"":""2024-04-28T22:48:00Z"",""eta"":""ARR"",""arrival"":{""estimated"":""2024-04-28T22:42:34Z"",""scheduled"":""2024-04-28T22:48:00Z""},""departure"":{""estimated"":""2024-04-28T22:48:02Z"",""scheduled"":""2024-04-28T22:48:02Z""},""diff"":""goo"",""diffMin"":-5},{""station"":""McKee's Camp"",""code"":""MCKC"",""estimated"":""2024-04-28T22:48:11Z"",""scheduled"":""2024-04-28T23:01:00Z"",""eta"":""ARR"",""arrival"":{""estimated"":""2024-04-28T22:48:11Z"",""scheduled"":""2024-04-28T23:01:00Z""},""departure"":{""estimated"":""2024-04-28T23:01:02Z"",""scheduled"":""2024-04-28T23:01:02Z""},""diff"":""goo"",""diffMin"":-12},{""station"":""Felix"",""code"":""FELX"",""estimated"":""2024-04-28T23:06:32Z"",""scheduled"":""2024-04-28T23:21:00Z"",""eta"":""ARR"",""arrival"":{""estimated"":""2024-04-28T23:06:32Z"",""scheduled"":""2024-04-28T23:21:00Z""},""departure"":{""estimated"":""2024-04-28T23:21:02Z"",""scheduled"":""2024-04-28T23:21:02Z""},""diff"":""goo"",""diffMin"":-14},{""station"":""Ruel"",""code"":""RUEL"",""estimated"":""2024-04-28T23:12:00Z"",""scheduled"":""2024-04-28T23:28:00Z"",""eta"":""ARR"",""arrival"":{""estimated"":""2024-04-28T23:12:00Z"",""scheduled"":""2024-04-28T23:28:00Z""},""departure"":{""estimated"":""2024-04-28T23:28:02Z"",""scheduled"":""2024-04-28T23:28:02Z""},""diff"":""goo"",""diffMin"":-16},{""station"":""Westree"",""code"":""WSTR"",""estimated"":""2024-04-28T23:47:04Z"",""scheduled"":""2024-04-28T23:45:00Z"",""eta"":""ARR"",""arrival"":{""estimated"":""2024-04-28T23:47:04Z"",""scheduled"":""2024-04-28T23:45:00Z""},""departure"":{""estimated"":""2024-04-28T23:47:04Z"",""scheduled"":""2024-04-28T23:45:02Z""},""diff"":""goo"",""diffMin"":2},{""station"":""Gogama"",""code"":""GOGA"",""estimated"":""2024-04-29T00:14:17Z"",""scheduled"":""2024-04-29T00:18:00Z"",""eta"":""ARR"",""arrival"":{""estimated"":""2024-04-29T00:14:17Z"",""scheduled"":""2024-04-29T00:18:00Z""},""departure"":{""estimated"":""2024-04-29T00:14:41Z"",""scheduled"":""2024-04-29T00:18:02Z""},""diff"":""goo"",""diffMin"":-3},{""station"":""Foleyet"",""code"":""FOLE"",""estimated"":""2024-04-29T02:10:35Z"",""scheduled"":""2024-04-29T02:44:00Z"",""eta"":""ARR"",""arrival"":{""estimated"":""2024-04-29T02:10:35Z"",""scheduled"":""2024-04-29T02:44:00Z""},""departure"":{""estimated"":""2024-04-29T02:15:36Z"",""scheduled"":""2024-04-29T02:44:02Z""},""diff"":""goo"",""diffMin"":-33},{""station"":""Elsas"",""code"":""ELSA"",""estimated"":""2024-04-29T03:06:23Z"",""scheduled"":""2024-04-29T03:38:00Z"",""eta"":""ARR"",""arrival"":{""estimated"":""2024-04-29T03:06:23Z"",""scheduled"":""2024-04-29T03:38:00Z""},""departure"":{""estimated"":""2024-04-29T03:38:02Z"",""scheduled"":""2024-04-29T03:38:02Z""},""diff"":""goo"",""diffMin"":-31},{""station"":""Oba"",""code"":""OBAX"",""estimated"":""2024-04-29T04:44:35Z"",""scheduled"":""2024-04-29T05:38:00Z"",""eta"":""ARR"",""arrival"":{""estimated"":""2024-04-29T04:44:35Z"",""scheduled"":""2024-04-29T05:38:00Z""},""departure"":{""estimated"":""2024-04-29T05:38:02Z"",""scheduled"":""2024-04-29T05:38:02Z""},""diff"":""goo"",""diffMin"":-53},{""station"":""Hornepayne"",""code"":""HNPN"",""estimated"":""2024-04-29T06:02:01Z"",""scheduled"":""2024-04-29T06:29:00Z"",""eta"":""ARR"",""arrival"":{""estimated"":""2024-04-29T06:02:01Z"",""scheduled"":""2024-04-29T06:29:00Z""},""departure"":{""estimated"":""2024-04-29T07:08:32Z"",""scheduled"":""2024-04-29T07:09:00Z""},""diff"":""goo"",""diffMin"":-26},{""station"":""Hillsport"",""code"":""HLSP"",""estimated"":""2024-04-29T08:33:36Z"",""scheduled"":""2024-04-29T08:05:00Z"",""eta"":""ARR"",""arrival"":{""estimated"":""2024-04-29T08:33:36Z"",""scheduled"":""2024-04-29T08:05:00Z""},""departure"":{""estimated"":""2024-04-29T08:33:36Z"",""scheduled"":""2024-04-29T08:05:02Z""},""diff"":""bad"",""diffMin"":28},{""station"":""Caramat"",""code"":""CARA"",""estimated"":""2024-04-29T09:13:18Z"",""scheduled"":""2024-04-29T08:55:00Z"",""eta"":""ARR"",""arrival"":{""estimated"":""2024-04-29T09:13:18Z"",""scheduled"":""2024-04-29T08:55:00Z""},""departure"":{""estimated"":""2024-04-29T09:13:18Z"",""scheduled"":""2024-04-29T08:55:02Z""},""diff"":""bad"",""diffMin"":18},{""station"":""Longlac"",""code"":""LLAC"",""estimated"":""2024-04-29T09:50:20Z"",""scheduled"":""2024-04-29T09:34:00Z"",""eta"":""ARR"",""arrival"":{""estimated"":""2024-04-29T09:50:20Z"",""scheduled"":""2024-04-29T09:34:00Z""},""departure"":{""estimated"":""2024-04-29T09:50:20Z"",""scheduled"":""2024-04-29T09:34:02Z""},""diff"":""bad"",""diffMin"":16},{""station"":""Nakina"",""code"":""NAKI"",""estimated"":""2024-04-29T10:41:03Z"",""scheduled"":""2024-04-29T10:13:00Z"",""eta"":""ARR"",""arrival"":{""estimated"":""2024-04-29T10:41:03Z"",""scheduled"":""2024-04-29T10:13:00Z""},""departure"":{""estimated"":""2024-04-29T10:41:03Z"",""scheduled"":""2024-04-29T10:13:02Z""},""diff"":""bad"",""diffMin"":28},{""station"":""Auden"",""code"":""AUDN"",""estimated"":""2024-04-29T11:44:40Z"",""scheduled"":""2024-04-29T11:19:00Z"",""eta"":""ARR"",""arrival"":{""estimated"":""2024-04-29T11:44:40Z"",""scheduled"":""2024-04-29T11:19:00Z""},""departure"":{""estimated"":""2024-04-29T11:44:40Z"",""scheduled"":""2024-04-29T11:19:02Z""},""diff"":""bad"",""diffMin"":25},{""station"":""Ferland"",""code"":""FERL"",""estimated"":""2024-04-29T12:24:39Z"",""scheduled"":""2024-04-29T11:56:00Z"",""eta"":""ARR"",""arrival"":{""estimated"":""2024-04-29T12:24:39Z"",""scheduled"":""2024-04-29T11:56:00Z""},""departure"":{""estimated"":""2024-04-29T12:24:39Z"",""scheduled"":""2024-04-29T11:56:02Z""},""diff"":""bad"",""diffMin"":28},{""station"":""Mud River"",""code"":""MUDR"",""estimated"":""2024-04-29T12:33:39Z"",""scheduled"":""2024-04-29T12:05:00Z"",""eta"":""ARR"",""arrival"":{""estimated"":""2024-04-29T12:33:39Z"",""scheduled"":""2024-04-29T12:05:00Z""},""departure"":{""estimated"":""2024-04-29T12:33:39Z"",""scheduled"":""2024-04-29T12:05:02Z""},""diff"":""bad"",""diffMin"":28},{""station"":""Armstrong"",""code"":""ARMG"",""estimated"":""2024-04-29T12:56:58Z"",""scheduled"":""2024-04-29T13:17:00Z"",""eta"":""ARR"",""arrival"":{""estimated"":""2024-04-29T12:56:58Z"",""scheduled"":""2024-04-29T13:17:00Z""},""departure"":{""estimated"":""2024-04-29T13:04:14Z"",""scheduled"":""2024-04-29T13:17:02Z""},""diff"":""goo"",""diffMin"":-20},{""station"":""Collins"",""code"":""COLL"",""estimated"":""2024-04-29T13:33:04Z"",""scheduled"":""2024-04-29T13:47:00Z"",""eta"":""ARR"",""arrival"":{""estimated"":""2024-04-29T13:33:04Z"",""scheduled"":""2024-04-29T13:47:00Z""},""departure"":{""estimated"":""2024-04-29T13:47:02Z"",""scheduled"":""2024-04-29T13:47:02Z""},""diff"":""goo"",""diffMin"":-13},{""station"":""Allanwater Bridge"",""code"":""ALWB"",""estimated"":""2024-04-29T14:26:28Z"",""scheduled"":""2024-04-29T14:26:00Z"",""eta"":""ARR"",""arrival"":{""estimated"":""2024-04-29T14:26:28Z"",""scheduled"":""2024-04-29T14:26:00Z""},""departure"":{""estimated"":""2024-04-29T14:26:28Z"",""scheduled"":""2024-04-29T14:26:02Z""},""diff"":""goo"",""diffMin"":0},{""station"":""Flindt Landing"",""code"":""FLTL"",""estimated"":""2024-04-29T14:52:19Z"",""scheduled"":""2024-04-29T14:42:00Z"",""eta"":""ARR"",""arrival"":{""estimated"":""2024-04-29T14:52:19Z"",""scheduled"":""2024-04-29T14:42:00Z""},""departure"":{""estimated"":""2024-04-29T14:52:19Z"",""scheduled"":""2024-04-29T14:42:02Z""},""diff"":""med"",""diffMin"":10},{""station"":""Savant Lake"",""code"":""SAVL"",""estimated"":""2024-04-29T15:09:19Z"",""scheduled"":""2024-04-29T14:59:00Z"",""eta"":""ARR"",""arrival"":{""estimated"":""2024-04-29T15:09:19Z"",""scheduled"":""2024-04-29T14:59:00Z""},""departure"":{""estimated"":""2024-04-29T15:09:19Z"",""scheduled"":""2024-04-29T14:59:02Z""},""diff"":""med"",""diffMin"":10},{""station"":""Sioux Lookout"",""code"":""SLKT"",""estimated"":""2024-04-29T16:18:18Z"",""scheduled"":""2024-04-29T16:25:00Z"",""eta"":""ARR"",""arrival"":{""estimated"":""2024-04-29T16:18:18Z"",""scheduled"":""2024-04-29T16:25:00Z""},""departure"":{""estimated"":""2024-04-29T16:54:38Z"",""scheduled"":""2024-04-29T16:55:00Z""},""diff"":""goo"",""diffMin"":-6},{""station"":""Richan"",""code"":""RCHN"",""estimated"":""2024-04-29T17:54:03Z"",""scheduled"":""2024-04-29T18:05:00Z"",""eta"":""ARR"",""arrival"":{""estimated"":""2024-04-29T17:54:03Z"",""scheduled"":""2024-04-29T18:05:00Z""},""departure"":{""estimated"":""2024-04-29T17:53:06Z"",""scheduled"":""2024-04-29T18:05:02Z""},""diff"":""goo"",""diffMin"":-10},{""station"":""Red Lake Road"",""code"":""RLRX"",""estimated"":""2024-04-29T18:26:11Z"",""scheduled"":""2024-04-29T18:41:00Z"",""eta"":""ARR"",""arrival"":{""estimated"":""2024-04-29T18:26:11Z"",""scheduled"":""2024-04-29T18:41:00Z""},""departure"":{""estimated"":""2024-04-29T18:29:30Z"",""scheduled"":""2024-04-29T18:41:02Z""},""diff"":""goo"",""diffMin"":-14},{""station"":""Canyon"",""code"":""CNYK"",""estimated"":""2024-04-29T19:01:16Z"",""scheduled"":""2024-04-29T19:10:00Z"",""eta"":""ARR"",""arrival"":{""estimated"":""2024-04-29T19:01:16Z"",""scheduled"":""2024-04-29T19:10:00Z""},""departure"":{""estimated"":""2024-04-29T19:02:01Z"",""scheduled"":""2024-04-29T19:10:02Z""},""diff"":""goo"",""diffMin"":-8},{""station"":""Farlane"",""code"":""FARL"",""estimated"":""2024-04-29T19:43:10Z"",""scheduled"":""2024-04-29T19:47:00Z"",""eta"":""ARR"",""arrival"":{""estimated"":""2024-04-29T19:43:10Z"",""scheduled"":""2024-04-29T19:47:00Z""},""departure"":{""estimated"":""2024-04-29T19:47:02Z"",""scheduled"":""2024-04-29T19:47:02Z""},""diff"":""goo"",""diffMin"":-3},{""station"":""Redditt"",""code"":""RDDT"",""estimated"":""2024-04-29T20:00:35Z"",""scheduled"":""2024-04-29T20:23:00Z"",""eta"":""ARR"",""arrival"":{""estimated"":""2024-04-29T20:00:35Z"",""scheduled"":""2024-04-29T20:23:00Z""},""departure"":{""estimated"":""2024-04-29T20:07:27Z"",""scheduled"":""2024-04-29T20:23:02Z""},""diff"":""goo"",""diffMin"":-22},{""station"":""Minaki"",""code"":""MNKI"",""estimated"":""2024-04-29T20:31:05Z"",""scheduled"":""2024-04-29T20:44:00Z"",""eta"":""ARR"",""arrival"":{""estimated"":""2024-04-29T20:31:05Z"",""scheduled"":""2024-04-29T20:44:00Z""},""departure"":{""estimated"":""2024-04-29T20:30:37Z"",""scheduled"":""2024-04-29T20:44:02Z""},""diff"":""goo"",""diffMin"":-12},{""station"":""Ottermere"",""code"":""OTTM"",""estimated"":""2024-04-29T20:46:41Z"",""scheduled"":""2024-04-29T21:01:00Z"",""eta"":""ARR"",""arrival"":{""estimated"":""2024-04-29T20:46:41Z"",""scheduled"":""2024-04-29T21:01:00Z""},""departure"":{""estimated"":""2024-04-29T21:01:02Z"",""scheduled"":""2024-04-29T21:01:02Z""},""diff"":""goo"",""diffMin"":-14},{""station"":""Malachi"",""code"":""MLCH"",""estimated"":""2024-04-29T21:07:00Z"",""scheduled"":""2024-04-29T21:07:00Z"",""eta"":""ARR"",""arrival"":{""estimated"":""2024-04-29T21:07:00Z"",""scheduled"":""2024-04-29T21:07:00Z""},""departure"":{""estimated"":""2024-04-29T21:07:02Z"",""scheduled"":""2024-04-29T21:07:02Z""},""diff"":""goo"",""diffMin"":0},{""station"":""Copelands Landing"",""code"":""COPE"",""estimated"":""2024-04-29T21:09:00Z"",""scheduled"":""2024-04-29T21:09:00Z"",""eta"":""ARR"",""arrival"":{""estimated"":""2024-04-29T21:09:00Z"",""scheduled"":""2024-04-29T21:09:00Z""},""departure"":{""estimated"":""2024-04-29T21:09:02Z"",""scheduled"":""2024-04-29T21:09:02Z""},""diff"":""goo"",""diffMin"":0},{""station"":""Rice Lake"",""code"":""RCLK"",""estimated"":""2024-04-29T21:16:43Z"",""scheduled"":""2024-04-29T21:12:00Z"",""eta"":""ARR"",""arrival"":{""estimated"":""2024-04-29T21:16:43Z"",""scheduled"":""2024-04-29T21:12:00Z""},""departure"":{""estimated"":""2024-04-29T21:16:43Z"",""scheduled"":""2024-04-29T21:12:02Z""},""diff"":""goo"",""diffMin"":4},{""station"":""Winnitoba"",""code"":""WNTB"",""estimated"":""2024-04-29T21:23:50Z"",""scheduled"":""2024-04-29T21:26:00Z"",""eta"":""ARR"",""arrival"":{""estimated"":""2024-04-29T21:23:50Z"",""scheduled"":""2024-04-29T21:26:00Z""},""departure"":{""estimated"":""2024-04-29T21:20:34Z"",""scheduled"":""2024-04-29T21:26:02Z""},""diff"":""goo"",""diffMin"":-2},{""station"":""Ophir"",""code"":""OPHR"",""estimated"":""2024-04-29T21:24:54Z"",""scheduled"":""2024-04-29T21:31:00Z"",""eta"":""ARR"",""arrival"":{""estimated"":""2024-04-29T21:24:54Z"",""scheduled"":""2024-04-29T21:31:00Z""},""departure"":{""estimated"":""2024-04-29T21:24:14Z"",""scheduled"":""2024-04-29T21:31:02Z""},""diff"":""goo"",""diffMin"":-6},{""station"":""Brereton Lake"",""code"":""BRTL"",""estimated"":""2024-04-29T21:43:26Z"",""scheduled"":""2024-04-29T21:49:00Z"",""eta"":""ARR"",""arrival"":{""estimated"":""2024-04-29T21:43:26Z"",""scheduled"":""2024-04-29T21:49:00Z""},""departure"":{""estimated"":""2024-04-29T21:42:34Z"",""scheduled"":""2024-04-29T21:49:02Z""},""diff"":""goo"",""diffMin"":-5},{""station"":""Elma"",""code"":""ELMA"",""estimated"":""2024-04-29T21:58:59Z"",""scheduled"":""2024-04-29T22:10:00Z"",""eta"":""ARR"",""arrival"":{""estimated"":""2024-04-29T21:58:59Z"",""scheduled"":""2024-04-29T22:10:00Z""},""departure"":{""estimated"":""2024-04-29T21:58:14Z"",""scheduled"":""2024-04-29T22:10:02Z""},""diff"":""goo"",""diffMin"":-11},{""station"":""Winnipeg"",""code"":""WNPG"",""estimated"":""2024-04-29T23:45:50Z"",""scheduled"":""2024-04-30T00:30:00Z"",""eta"":""ARR"",""arrival"":{""estimated"":""2024-04-29T23:45:50Z"",""scheduled"":""2024-04-30T00:30:00Z""},""departure"":{""estimated"":""2024-04-30T02:29:06Z"",""scheduled"":""2024-04-30T02:30:00Z""},""diff"":""goo"",""diffMin"":-44},{""station"":""Portage La Prairie"",""code"":""PLPX"",""estimated"":""2024-04-30T03:41:29Z"",""scheduled"":""2024-04-30T04:04:00Z"",""eta"":""ARR"",""arrival"":{""estimated"":""2024-04-30T03:41:29Z"",""scheduled"":""2024-04-30T04:04:00Z""},""departure"":{""estimated"":""2024-04-30T03:44:30Z"",""scheduled"":""2024-04-30T04:04:02Z""},""diff"":""goo"",""diffMin"":-22},{""station"":""Rivers"",""code"":""RVRS"",""estimated"":""2024-04-30T08:04:27Z"",""scheduled"":""2024-04-30T06:31:00Z"",""eta"":""ARR"",""arrival"":{""estimated"":""2024-04-30T08:04:27Z"",""scheduled"":""2024-04-30T06:31:00Z""},""departure"":{""estimated"":""2024-04-30T08:04:27Z"",""scheduled"":""2024-04-30T06:31:02Z""},""diff"":""bad"",""diffMin"":93},{""station"":""Melville"",""code"":""MELV"",""estimated"":""2024-04-30T14:16:06Z"",""scheduled"":""2024-04-30T10:54:00Z"",""eta"":""ARR"",""arrival"":{""estimated"":""2024-04-30T14:16:06Z"",""scheduled"":""2024-04-30T10:54:00Z""},""departure"":{""estimated"":""2024-04-30T14:16:06Z"",""scheduled"":""2024-04-30T11:04:00Z""},""diff"":""bad"",""diffMin"":202},{""station"":""Watrous"",""code"":""WATR"",""estimated"":""2024-04-30T16:46:18Z"",""scheduled"":""2024-04-30T13:54:00Z"",""eta"":""ARR"",""arrival"":{""estimated"":""2024-04-30T16:46:18Z"",""scheduled"":""2024-04-30T13:54:00Z""},""departure"":{""estimated"":""2024-04-30T16:46:18Z"",""scheduled"":""2024-04-30T13:54:02Z""},""diff"":""bad"",""diffMin"":172},{""station"":""Saskatoon"",""code"":""SASK"",""estimated"":""2024-04-30T17:54:10Z"",""scheduled"":""2024-04-30T15:50:00Z"",""eta"":""ARR"",""arrival"":{""estimated"":""2024-04-30T17:54:10Z"",""scheduled"":""2024-04-30T15:50:00Z""},""departure"":{""estimated"":""2024-04-30T17:54:10Z"",""scheduled"":""2024-04-30T16:50:00Z""},""diff"":""bad"",""diffMin"":124},{""station"":""Biggar"",""code"":""BIGG"",""estimated"":""2024-04-30T20:29:06Z"",""scheduled"":""2024-04-30T18:29:00Z"",""eta"":""ARR"",""arrival"":{""estimated"":""2024-04-30T20:29:06Z"",""scheduled"":""2024-04-30T18:29:00Z""},""departure"":{""estimated"":""2024-04-30T20:29:06Z"",""scheduled"":""2024-04-30T18:39:00Z""},""diff"":""bad"",""diffMin"":120},{""station"":""Unity"",""code"":""UNIT"",""estimated"":""2024-04-30T22:26:52Z"",""scheduled"":""2024-04-30T19:44:00Z"",""eta"":""ARR"",""arrival"":{""estimated"":""2024-04-30T22:26:52Z"",""scheduled"":""2024-04-30T19:44:00Z""},""departure"":{""estimated"":""2024-04-30T22:26:52Z"",""scheduled"":""2024-04-30T19:44:02Z""},""diff"":""bad"",""diffMin"":162},{""station"":""Wainwright"",""code"":""WAIN"",""estimated"":""2024-05-01T00:14:48Z"",""scheduled"":""2024-04-30T22:33:00Z"",""eta"":""ARR"",""arrival"":{""estimated"":""2024-05-01T00:14:48Z"",""scheduled"":""2024-04-30T22:33:00Z""},""departure"":{""estimated"":""2024-05-01T00:14:48Z"",""scheduled"":""2024-04-30T22:33:02Z""},""diff"":""bad"",""diffMin"":101},{""station"":""Viking"",""code"":""VKNG"",""estimated"":""2024-05-01T01:29:31Z"",""scheduled"":""2024-04-30T23:26:00Z"",""eta"":""41 mins"",""arrival"":{""estimated"":""2024-05-01T01:29:31Z"",""scheduled"":""2024-04-30T23:26:00Z""},""departure"":{""estimated"":""2024-05-01T01:29:31Z"",""scheduled"":""2024-04-30T23:26:02Z""},""diff"":""bad"",""diffMin"":123},{""station"":""Edmonton"",""code"":""EDMO"",""estimated"":""2024-05-01T04:53:31Z"",""scheduled"":""2024-05-01T02:50:00Z"",""eta"":""4h05"",""arrival"":{""estimated"":""2024-05-01T04:53:31Z"",""scheduled"":""2024-05-01T02:50:00Z""},""departure"":{""estimated"":""2024-05-01T08:04:31Z"",""scheduled"":""2024-05-01T06:01:00Z""},""diff"":""bad"",""diffMin"":123},{""station"":""Evansburg"",""code"":""EVAN"",""estimated"":""&mdash;"",""scheduled"":""2024-05-01T07:29:00Z"",""eta"":""&mdash;"",""arrival"":{""scheduled"":""2024-05-01T07:29:00Z""},""departure"":{""scheduled"":""2024-05-01T07:29:02Z""}},{""station"":""Edson"",""code"":""EDSN"",""estimated"":""&mdash;"",""scheduled"":""2024-05-01T08:52:00Z"",""eta"":""&mdash;"",""arrival"":{""scheduled"":""2024-05-01T08:52:00Z""},""departure"":{""scheduled"":""2024-05-01T08:52:02Z""}},{""station"":""Hinton"",""code"":""HINT"",""estimated"":""&mdash;"",""scheduled"":""2024-05-01T09:58:00Z"",""eta"":""&mdash;"",""arrival"":{""scheduled"":""2024-05-01T09:58:00Z""},""departure"":{""scheduled"":""2024-05-01T09:58:02Z""}},{""station"":""Jasper"",""code"":""JASP"",""estimated"":""&mdash;"",""scheduled"":""2024-05-01T12:30:00Z"",""eta"":""&mdash;"",""arrival"":{""scheduled"":""2024-05-01T12:30:00Z""},""departure"":{""scheduled"":""2024-05-01T15:30:00Z""}}]"
"693 (04-28)",true,true,"WINNIPEG","CHURCHILL","2024-04-28","[{""station"":""Winnipeg"",""code"":""WNPG"",""estimated"":""2024-04-28T17:05:00Z"",""scheduled"":""2024-04-28T17:05:00Z"",""eta"":""ARR"",""departure"":{""estimated"":""2024-04-28T17:05:00Z"",""scheduled"":""2024-04-28T17:05:00Z""},""diff"":""goo"",""diffMin"":0},{""station"":""Portage La Prairie"",""code"":""PLPX"",""estimated"":""2024-04-28T18:32:18Z"",""scheduled"":""2024-04-28T18:15:00Z"",""eta"":""ARR"",""arrival"":{""estimated"":""2024-04-28T18:32:18Z"",""scheduled"":""2024-04-28T18:15:00Z""},""departure"":{""estimated"":""2024-04-28T18:32:18Z"",""scheduled"":""2024-04-28T18:15:22Z""},""diff"":""bad"",""diffMin"":17},{""station"":""Gladstone"",""code"":""GSTO"",""estimated"":""2024-04-28T19:18:48Z"",""scheduled"":""2024-04-28T19:07:00Z"",""eta"":""ARR"",""arrival"":{""estimated"":""2024-04-28T19:18:48Z"",""scheduled"":""2024-04-28T19:07:00Z""},""departure"":{""estimated"":""2024-04-28T19:18:48Z"",""scheduled"":""2024-04-28T19:07:02Z""},""diff"":""med"",""diffMin"":11},{""station"":""Plumas"",""code"":""PLUM"",""estimated"":""2024-04-28T19:52:16Z"",""scheduled"":""2024-04-28T19:44:00Z"",""eta"":""ARR"",""arrival"":{""estimated"":""2024-04-28T19:52:16Z"",""scheduled"":""2024-04-28T19:44:00Z""},""departure"":{""estimated"":""2024-04-28T19:52:16Z"",""scheduled"":""2024-04-28T19:44:02Z""},""diff"":""med"",""diffMin"":8},{""station"":""Glenella"",""code"":""GLNA"",""estimated"":""2024-04-28T20:17:18Z"",""scheduled"":""2024-04-28T20:16:00Z"",""eta"":""ARR"",""arrival"":{""estimated"":""2024-04-28T20:17:18Z"",""scheduled"":""2024-04-28T20:16:00Z""},""departure"":{""estimated"":""2024-04-28T20:17:18Z"",""scheduled"":""2024-04-28T20:16:02Z""},""diff"":""goo"",""diffMin"":1},{""station"":""Mccreary"",""code"":""MCCR"",""estimated"":""2024-04-28T20:56:48Z"",""scheduled"":""2024-04-28T20:57:00Z"",""eta"":""ARR"",""arrival"":{""estimated"":""2024-04-28T20:56:48Z"",""scheduled"":""2024-04-28T20:57:00Z""},""departure"":{""estimated"":""2024-04-28T20:56:10Z"",""scheduled"":""2024-04-28T20:57:02Z""},""diff"":""goo"",""diffMin"":0},{""station"":""Laurier"",""code"":""LRIE"",""estimated"":""2024-04-28T21:12:22Z"",""scheduled"":""2024-04-28T21:15:00Z"",""eta"":""ARR"",""arrival"":{""estimated"":""2024-04-28T21:12:22Z"",""scheduled"":""2024-04-28T21:15:00Z""},""departure"":{""estimated"":""2024-04-28T21:11:30Z"",""scheduled"":""2024-04-28T21:15:02Z""},""diff"":""goo"",""diffMin"":-2},{""station"":""Ochre River"",""code"":""OCHR"",""estimated"":""2024-04-28T21:28:23Z"",""scheduled"":""2024-04-28T21:36:00Z"",""eta"":""ARR"",""arrival"":{""estimated"":""2024-04-28T21:28:23Z"",""scheduled"":""2024-04-28T21:36:00Z""},""departure"":{""estimated"":""2024-04-28T21:27:20Z"",""scheduled"":""2024-04-28T21:36:02Z""},""diff"":""goo"",""diffMin"":-7},{""station"":""Dauphin"",""code"":""DAUP"",""estimated"":""2024-04-28T21:46:08Z"",""scheduled"":""2024-04-28T21:56:00Z"",""eta"":""ARR"",""arrival"":{""estimated"":""2024-04-28T21:46:08Z"",""scheduled"":""2024-04-28T21:56:00Z""},""departure"":{""estimated"":""2024-04-28T21:59:50Z"",""scheduled"":""2024-04-28T22:06:00Z""},""diff"":""goo"",""diffMin"":-9},{""station"":""Gilbert Plains"",""code"":""GLBP"",""estimated"":""2024-04-28T22:36:29Z"",""scheduled"":""2024-04-28T22:44:00Z"",""eta"":""ARR"",""arrival"":{""estimated"":""2024-04-28T22:36:29Z"",""scheduled"":""2024-04-28T22:44:00Z""},""departure"":{""estimated"":""2024-04-28T22:36:17Z"",""scheduled"":""2024-04-28T22:44:02Z""},""diff"":""goo"",""diffMin"":-7},{""station"":""Grandview"",""code"":""GVIE"",""estimated"":""2024-04-28T22:55:53Z"",""scheduled"":""2024-04-28T23:00:00Z"",""eta"":""ARR"",""arrival"":{""estimated"":""2024-04-28T22:55:53Z"",""scheduled"":""2024-04-28T23:00:00Z""},""departure"":{""estimated"":""2024-04-28T22:56:31Z"",""scheduled"":""2024-04-28T23:00:02Z""},""diff"":""goo"",""diffMin"":-4},{""station"":""Roblin"",""code"":""RBLN"",""estimated"":""2024-04-28T23:52:56Z"",""scheduled"":""2024-04-28T23:55:00Z"",""eta"":""ARR"",""arrival"":{""estimated"":""2024-04-28T23:52:56Z"",""scheduled"":""2024-04-28T23:55:00Z""},""departure"":{""estimated"":""2024-04-28T23:52:31Z"",""scheduled"":""2024-04-28T23:55:02Z""},""diff"":""goo"",""diffMin"":-2},{""station"":""Togo"",""code"":""TOGO"",""estimated"":""2024-04-29T00:20:11Z"",""scheduled"":""2024-04-29T00:22:00Z"",""eta"":""ARR"",""arrival"":{""estimated"":""2024-04-29T00:20:11Z"",""scheduled"":""2024-04-29T00:22:00Z""},""departure"":{""estimated"":""2024-04-29T00:19:51Z"",""scheduled"":""2024-04-29T00:22:02Z""},""diff"":""goo"",""diffMin"":-1},{""station"":""Kamsack"",""code"":""KAMS"",""estimated"":""2024-04-29T00:55:06Z"",""scheduled"":""2024-04-29T00:59:00Z"",""eta"":""ARR"",""arrival"":{""estimated"":""2024-04-29T00:55:06Z"",""scheduled"":""2024-04-29T00:59:00Z""},""departure"":{""estimated"":""2024-04-29T00:54:51Z"",""scheduled"":""2024-04-29T00:59:02Z""},""diff"":""goo"",""diffMin"":-3},{""station"":""Veregin"",""code"":""VERE"",""estimated"":""2024-04-29T01:07:31Z"",""scheduled"":""2024-04-29T01:12:00Z"",""eta"":""ARR"",""arrival"":{""estimated"":""2024-04-29T01:07:31Z"",""scheduled"":""2024-04-29T01:12:00Z""},""departure"":{""estimated"":""2024-04-29T01:07:21Z"",""scheduled"":""2024-04-29T01:12:02Z""},""diff"":""goo"",""diffMin"":-4},{""station"":""Mikado"",""code"":""MIKA"",""estimated"":""2024-04-29T01:19:07Z"",""scheduled"":""2024-04-29T01:22:00Z"",""eta"":""ARR"",""arrival"":{""estimated"":""2024-04-29T01:19:07Z"",""scheduled"":""2024-04-29T01:22:00Z""},""departure"":{""estimated"":""2024-04-29T01:18:51Z"",""scheduled"":""2024-04-29T01:22:02Z""},""diff"":""goo"",""diffMin"":-2},{""station"":""Canora"",""code"":""CANO"",""estimated"":""2024-04-29T01:30:33Z"",""scheduled"":""2024-04-29T01:36:00Z"",""eta"":""ARR"",""arrival"":{""estimated"":""2024-04-29T01:30:33Z"",""scheduled"":""2024-04-29T01:36:00Z""},""departure"":{""estimated"":""2024-04-29T01:39:31Z"",""scheduled"":""2024-04-29T01:46:00Z""},""diff"":""goo"",""diffMin"":-5},{""station"":""Sturgis"",""code"":""STGS"",""estimated"":""2024-04-29T02:21:07Z"",""scheduled"":""2024-04-29T02:21:00Z"",""eta"":""ARR"",""arrival"":{""estimated"":""2024-04-29T02:21:07Z"",""scheduled"":""2024-04-29T02:21:00Z""},""departure"":{""estimated"":""2024-04-29T02:21:07Z"",""scheduled"":""2024-04-29T02:21:02Z""},""diff"":""goo"",""diffMin"":0},{""station"":""Endeavour"",""code"":""ENDV"",""estimated"":""2024-04-29T02:57:02Z"",""scheduled"":""2024-04-29T02:54:00Z"",""eta"":""ARR"",""arrival"":{""estimated"":""2024-04-29T02:57:02Z"",""scheduled"":""2024-04-29T02:54:00Z""},""departure"":{""estimated"":""2024-04-29T02:57:02Z"",""scheduled"":""2024-04-29T02:54:02Z""},""diff"":""goo"",""diffMin"":3},{""station"":""Reserve"",""code"":""RSRV"",""estimated"":""2024-04-29T03:40:09Z"",""scheduled"":""2024-04-29T03:34:00Z"",""eta"":""ARR"",""arrival"":{""estimated"":""2024-04-29T03:40:09Z"",""scheduled"":""2024-04-29T03:34:00Z""},""departure"":{""estimated"":""2024-04-29T03:40:09Z"",""scheduled"":""2024-04-29T03:34:02Z""},""diff"":""med"",""diffMin"":6},{""station"":""Hudson Bay"",""code"":""HBAY"",""estimated"":""2024-04-29T04:27:31Z"",""scheduled"":""2024-04-29T04:32:00Z"",""eta"":""ARR"",""arrival"":{""estimated"":""2024-04-29T04:27:31Z"",""scheduled"":""2024-04-29T04:32:00Z""},""departure"":{""estimated"":""2024-04-29T04:28:31Z"",""scheduled"":""2024-04-29T04:32:02Z""},""diff"":""goo"",""diffMin"":-4},{""station"":""The Pas"",""code"":""TPAS"",""estimated"":""2024-04-29T07:28:47Z"",""scheduled"":""2024-04-29T06:45:00Z"",""eta"":""ARR"",""arrival"":{""estimated"":""2024-04-29T07:28:47Z"",""scheduled"":""2024-04-29T06:45:00Z""},""departure"":{""estimated"":""2024-04-29T07:28:47Z"",""scheduled"":""2024-04-29T07:30:00Z""},""diff"":""bad"",""diffMin"":43},{""station"":""Orok"",""code"":""OROK"",""estimated"":""2024-04-29T08:17:00Z"",""scheduled"":""2024-04-29T08:07:00Z"",""eta"":""ARR"",""arrival"":{""estimated"":""2024-04-29T08:17:00Z"",""scheduled"":""2024-04-29T08:07:00Z""},""departure"":{""estimated"":""2024-04-29T08:17:00Z"",""scheduled"":""2024-04-29T08:07:02Z""},""diff"":""med"",""diffMin"":10},{""station"":""Halcrow"",""code"":""HALC"",""estimated"":""2024-04-29T09:08:20Z"",""scheduled"":""2024-04-29T09:01:00Z"",""eta"":""ARR"",""arrival"":{""estimated"":""2024-04-29T09:08:20Z"",""scheduled"":""2024-04-29T09:01:00Z""},""departure"":{""estimated"":""2024-04-29T09:08:20Z"",""scheduled"":""2024-04-29T09:01:02Z""},""diff"":""med"",""diffMin"":7},{""station"":""Cormorant"",""code"":""CORM"",""estimated"":""2024-04-29T09:19:47Z"",""scheduled"":""2024-04-29T09:12:00Z"",""eta"":""ARR"",""arrival"":{""estimated"":""2024-04-29T09:19:47Z"",""scheduled"":""2024-04-29T09:12:00Z""},""departure"":{""estimated"":""2024-04-29T09:19:47Z"",""scheduled"":""2024-04-29T09:12:02Z""},""diff"":""med"",""diffMin"":7},{""station"":""Dering"",""code"":""DERI"",""estimated"":""2024-04-29T09:27:47Z"",""scheduled"":""2024-04-29T09:20:00Z"",""eta"":""ARR"",""arrival"":{""estimated"":""2024-04-29T09:27:47Z"",""scheduled"":""2024-04-29T09:20:00Z""},""departure"":{""estimated"":""2024-04-29T09:27:47Z"",""scheduled"":""2024-04-29T09:20:02Z""},""diff"":""med"",""diffMin"":7},{""station"":""Dyce"",""code"":""DYCE"",""estimated"":""2024-04-29T10:06:47Z"",""scheduled"":""2024-04-29T09:59:00Z"",""eta"":""ARR"",""arrival"":{""estimated"":""2024-04-29T10:06:47Z"",""scheduled"":""2024-04-29T09:59:00Z""},""departure"":{""estimated"":""2024-04-29T10:06:47Z"",""scheduled"":""2024-04-29T09:59:02Z""},""diff"":""med"",""diffMin"":7},{""station"":""Wekusko"",""code"":""WEKU"",""estimated"":""2024-04-29T10:43:00Z"",""scheduled"":""2024-04-29T10:43:00Z"",""eta"":""ARR"",""arrival"":{""estimated"":""2024-04-29T10:43:00Z"",""scheduled"":""2024-04-29T10:43:00Z""},""departure"":{""estimated"":""2024-04-29T10:43:02Z"",""scheduled"":""2024-04-29T10:43:02Z""},""diff"":""goo"",""diffMin"":0},{""station"":""Turnbull"",""code"":""TURN"",""estimated"":""2024-04-29T11:06:18Z"",""scheduled"":""2024-04-29T11:10:00Z"",""eta"":""ARR"",""arrival"":{""estimated"":""2024-04-29T11:06:18Z"",""scheduled"":""2024-04-29T11:10:00Z""},""departure"":{""estimated"":""2024-04-29T11:05:56Z"",""scheduled"":""2024-04-29T11:10:02Z""},""diff"":""goo"",""diffMin"":-3},{""station"":""Ponton"",""code"":""PNTN"",""estimated"":""2024-04-29T11:45:57Z"",""scheduled"":""2024-04-29T11:42:00Z"",""eta"":""ARR"",""arrival"":{""estimated"":""2024-04-29T11:45:57Z"",""scheduled"":""2024-04-29T11:42:00Z""},""departure"":{""estimated"":""2024-04-29T11:45:57Z"",""scheduled"":""2024-04-29T11:42:02Z""},""diff"":""goo"",""diffMin"":3},{""station"":""Pipun"",""code"":""PIPN"",""estimated"":""2024-04-29T12:32:14Z"",""scheduled"":""2024-04-29T12:25:00Z"",""eta"":""ARR"",""arrival"":{""estimated"":""2024-04-29T12:32:14Z"",""scheduled"":""2024-04-29T12:25:00Z""},""departure"":{""estimated"":""2024-04-29T12:32:14Z"",""scheduled"":""2024-04-29T12:25:02Z""},""diff"":""med"",""diffMin"":7},{""station"":""Wabowden"",""code"":""WBDN"",""estimated"":""2024-04-29T12:47:27Z"",""scheduled"":""2024-04-29T12:48:00Z"",""eta"":""ARR"",""arrival"":{""estimated"":""2024-04-29T12:47:27Z"",""scheduled"":""2024-04-29T12:48:00Z""},""departure"":{""estimated"":""2024-04-29T12:46:36Z"",""scheduled"":""2024-04-29T12:48:02Z""},""diff"":""goo"",""diffMin"":0},{""station"":""Lyddal"",""code"":""LYDD"",""estimated"":""2024-04-29T13:16:47Z"",""scheduled"":""2024-04-29T13:16:00Z"",""eta"":""ARR"",""arrival"":{""estimated"":""2024-04-29T13:16:47Z"",""scheduled"":""2024-04-29T13:16:00Z""},""departure"":{""estimated"":""2024-04-29T13:16:47Z"",""scheduled"":""2024-04-29T13:16:02Z""},""diff"":""goo"",""diffMin"":0},{""station"":""Odhill"",""code"":""ODHI"",""estimated"":""2024-04-29T13:39:33Z"",""scheduled"":""2024-04-29T13:38:00Z"",""eta"":""ARR"",""arrival"":{""estimated"":""2024-04-29T13:39:33Z"",""scheduled"":""2024-04-29T13:38:00Z""},""departure"":{""estimated"":""2024-04-29T13:39:33Z"",""scheduled"":""2024-04-29T13:38:02Z""},""diff"":""goo"",""diffMin"":1},{""station"":""Hockin"",""code"":""HOCK"",""estimated"":""2024-04-29T14:34:19Z"",""scheduled"":""2024-04-29T14:22:00Z"",""eta"":""ARR"",""arrival"":{""estimated"":""2024-04-29T14:34:19Z"",""scheduled"":""2024-04-29T14:22:00Z""},""departure"":{""estimated"":""2024-04-29T14:34:19Z"",""scheduled"":""2024-04-29T14:22:02Z""},""diff"":""med"",""diffMin"":12},{""station"":""Thicket Portage"",""code"":""THKP"",""estimated"":""2024-04-29T14:50:38Z"",""scheduled"":""2024-04-29T14:37:00Z"",""eta"":""ARR"",""arrival"":{""estimated"":""2024-04-29T14:50:38Z"",""scheduled"":""2024-04-29T14:37:00Z""},""departure"":{""estimated"":""2024-04-29T14:50:38Z"",""scheduled"":""2024-04-29T14:37:02Z""},""diff"":""med"",""diffMin"":13},{""station"":""Leven"",""code"":""LEVN"",""estimated"":""2024-04-29T15:13:08Z"",""scheduled"":""2024-04-29T14:54:00Z"",""eta"":""ARR"",""arrival"":{""estimated"":""2024-04-29T15:13:08Z"",""scheduled"":""2024-04-29T14:54:00Z""},""departure"":{""estimated"":""2024-04-29T15:13:08Z"",""scheduled"":""2024-04-29T14:54:02Z""},""diff"":""bad"",""diffMin"":19},{""station"":""Thompson"",""code"":""THOM"",""estimated"":""2024-04-29T18:44:17Z"",""scheduled"":""2024-04-29T17:00:00Z"",""eta"":""ARR"",""arrival"":{""estimated"":""2024-04-29T18:44:17Z"",""scheduled"":""2024-04-29T17:00:00Z""},""departure"":{""estimated"":""2024-04-29T22:00:00Z"",""scheduled"":""2024-04-29T22:00:00Z""},""diff"":""bad"",""diffMin"":104},{""station"":""Sipiwesk"",""code"":""SIPI"",""estimated"":""2024-04-29T23:35:00Z"",""scheduled"":""2024-04-29T23:35:00Z"",""eta"":""ARR"",""arrival"":{""estimated"":""2024-04-29T23:35:00Z"",""scheduled"":""2024-04-29T23:35:00Z""},""departure"":{""estimated"":""2024-04-29T23:35:02Z"",""scheduled"":""2024-04-29T23:35:02Z""},""diff"":""goo"",""diffMin"":0},{""station"":""Pikwitonei"",""code"":""PIKW"",""estimated"":""2024-04-30T00:02:00Z"",""scheduled"":""2024-04-30T00:02:00Z"",""eta"":""ARR"",""arrival"":{""estimated"":""2024-04-30T00:02:00Z"",""scheduled"":""2024-04-30T00:02:00Z""},""departure"":{""estimated"":""2024-04-30T00:02:02Z"",""scheduled"":""2024-04-30T00:02:02Z""},""diff"":""goo"",""diffMin"":0},{""station"":""Bridgar"",""code"":""BRGR"",""estimated"":""2024-04-30T00:13:00Z"",""scheduled"":""2024-04-30T00:13:00Z"",""eta"":""ARR"",""arrival"":{""estimated"":""2024-04-30T00:13:00Z"",""scheduled"":""2024-04-30T00:13:00Z""},""departure"":{""estimated"":""2024-04-30T00:13:02Z"",""scheduled"":""2024-04-30T00:13:02Z""},""diff"":""goo"",""diffMin"":0},{""station"":""Pit Siding"",""code"":""PITS"",""estimated"":""2024-04-30T01:44:10Z"",""scheduled"":""2024-04-30T01:35:00Z"",""eta"":""ARR"",""arrival"":{""estimated"":""2024-04-30T01:44:10Z"",""scheduled"":""2024-04-30T01:35:00Z""},""departure"":{""estimated"":""2024-04-30T01:44:10Z"",""scheduled"":""2024-04-30T01:35:02Z""},""diff"":""med"",""diffMin"":9},{""station"":""Ilford"",""code"":""ILFO"",""estimated"":""2024-04-30T02:46:36Z"",""scheduled"":""2024-04-30T02:36:00Z"",""eta"":""ARR"",""arrival"":{""estimated"":""2024-04-30T02:46:36Z"",""scheduled"":""2024-04-30T02:36:00Z""},""departure"":{""estimated"":""2024-04-30T02:46:36Z"",""scheduled"":""2024-04-30T02:36:02Z""},""diff"":""med"",""diffMin"":10},{""station"":""Wivenhoe"",""code"":""WVHO"",""estimated"":""2024-04-30T03:39:50Z"",""scheduled"":""2024-04-30T03:13:00Z"",""eta"":""ARR"",""arrival"":{""estimated"":""2024-04-30T03:39:50Z"",""scheduled"":""2024-04-30T03:13:00Z""},""departure"":{""estimated"":""2024-04-30T03:39:50Z"",""scheduled"":""2024-04-30T03:13:02Z""},""diff"":""bad"",""diffMin"":26},{""station"":""Gillam"",""code"":""GILL"",""estimated"":""2024-04-30T04:32:38Z"",""scheduled"":""2024-04-30T04:00:01Z"",""eta"":""ARR"",""arrival"":{""estimated"":""2024-04-30T04:32:38Z"",""scheduled"":""2024-04-30T04:00:01Z""},""departure"":{""estimated"":""2024-04-30T04:32:38Z"",""scheduled"":""2024-04-30T04:30:00Z""},""diff"":""bad"",""diffMin"":32},{""station"":""Bird"",""code"":""BIRD"",""estimated"":""2024-04-30T05:32:50Z"",""scheduled"":""2024-04-30T05:29:00Z"",""eta"":""ARR"",""arrival"":{""estimated"":""2024-04-30T05:32:50Z"",""scheduled"":""2024-04-30T05:29:00Z""},""departure"":{""estimated"":""2024-04-30T05:32:50Z"",""scheduled"":""2024-04-30T05:29:02Z""},""diff"":""goo"",""diffMin"":3},{""station"":""Amery"",""code"":""AMRY"",""estimated"":""2024-04-30T06:03:59Z"",""scheduled"":""2024-04-30T05:52:00Z"",""eta"":""ARR"",""arrival"":{""estimated"":""2024-04-30T06:03:59Z"",""scheduled"":""2024-04-30T05:52:00Z""},""departure"":{""estimated"":""2024-04-30T06:03:59Z"",""scheduled"":""2024-04-30T05:52:02Z""},""diff"":""med"",""diffMin"":11},{""station"":""Weir River"",""code"":""WEIR"",""estimated"":""2024-04-30T07:04:07Z"",""scheduled"":""2024-04-30T06:43:00Z"",""eta"":""ARR"",""arrival"":{""estimated"":""2024-04-30T07:04:07Z"",""scheduled"":""2024-04-30T06:43:00Z""},""departure"":{""estimated"":""2024-04-30T07:04:07Z"",""scheduled"":""2024-04-30T06:43:02Z""},""diff"":""bad"",""diffMin"":21},{""station"":""Thibaudeau"",""code"":""THIB"",""estimated"":""2024-04-30T07:46:04Z"",""scheduled"":""2024-04-30T08:00:00Z"",""eta"":""ARR"",""arrival"":{""estimated"":""2024-04-30T07:46:04Z"",""scheduled"":""2024-04-30T08:00:00Z""},""departure"":{""estimated"":""2024-04-30T08:00:02Z"",""scheduled"":""2024-04-30T08:00:02Z""},""diff"":""goo"",""diffMin"":-13},{""station"":""Herchmer"",""code"":""HERC"",""estimated"":""2024-04-30T09:26:00Z"",""scheduled"":""2024-04-30T09:26:00Z"",""eta"":""ARR"",""arrival"":{""estimated"":""2024-04-30T09:26:00Z"",""scheduled"":""2024-04-30T09:26:00Z""},""departure"":{""estimated"":""2024-04-30T09:26:02Z"",""scheduled"":""2024-04-30T09:26:02Z""},""diff"":""goo"",""diffMin"":0},{""station"":""O'Day"",""code"":""ODAY"",""estimated"":""2024-04-30T10:05:00Z"",""scheduled"":""2024-04-30T10:05:00Z"",""eta"":""ARR"",""arrival"":{""estimated"":""2024-04-30T10:05:00Z"",""scheduled"":""2024-04-30T10:05:00Z""},""departure"":{""estimated"":""2024-04-30T10:05:02Z"",""scheduled"":""2024-04-30T10:05:02Z""},""diff"":""goo"",""diffMin"":0},{""station"":""M'Clintock"",""code"":""MCLI"",""estimated"":""2024-04-30T10:50:00Z"",""scheduled"":""2024-04-30T10:50:00Z"",""eta"":""ARR"",""arrival"":{""estimated"":""2024-04-30T10:50:00Z"",""scheduled"":""2024-04-30T10:50:00Z""},""departure"":{""estimated"":""2024-04-30T10:50:02Z"",""scheduled"":""2024-04-30T10:50:02Z""},""diff"":""goo"",""diffMin"":0},{""station"":""Chesnaye"",""code"":""CHES"",""estimated"":""2024-04-30T12:06:00Z"",""scheduled"":""2024-04-30T12:06:00Z"",""eta"":""ARR"",""arrival"":{""estimated"":""2024-04-30T12:06:00Z"",""scheduled"":""2024-04-30T12:06:00Z""},""departure"":{""estimated"":""2024-04-30T12:06:02Z"",""scheduled"":""2024-04-30T12:06:02Z""},""diff"":""goo"",""diffMin"":0},{""station"":""Tidal"",""code"":""TIDL"",""estimated"":""2024-04-30T13:01:28Z"",""scheduled"":""2024-04-30T13:37:00Z"",""eta"":""ARR"",""arrival"":{""estimated"":""2024-04-30T13:01:28Z"",""scheduled"":""2024-04-30T13:37:00Z""},""departure"":{""estimated"":""2024-04-30T13:00:27Z"",""scheduled"":""2024-04-30T13:37:02Z""},""diff"":""goo"",""diffMin"":-35},{""station"":""Churchill"",""code"":""CHUR"",""estimated"":""2024-04-30T13:47:47Z"",""scheduled"":""2024-04-30T14:00:00Z"",""eta"":""ARR"",""arrival"":{""estimated"":""2024-04-30T13:47:47Z"",""scheduled"":""2024-04-30T14:00:00Z""},""diff"":""goo"",""diffMin"":-12}]"
"2 (04-29)",true,false,"VANCOUVER","TORONTO","2024-04-29","[{""station"":""Vancouver"",""code"":""VCVR"",""estimated"":""2024-04-29T22:04:31Z"",""scheduled"":""2024-04-29T22:00:00Z"",""eta"":""ARR"",""departure"":{""estimated"":""2024-04-29T22:04:31Z"",""scheduled"":""2024-04-29T22:00:00Z""},""diff"":""goo"",""diffMin"":4},{""station"":""Mission Harbour"",""code"":""MSNH"",""estimated"":""2024-04-30T00:46:37Z"",""scheduled"":""2024-04-29T23:35:00Z"",""eta"":""ARR"",""arrival"":{""estimated"":""2024-04-30T00:46:37Z"",""scheduled"":""2024-04-29T23:35:00Z""},""departure"":{""estimated"":""2024-04-30T00:46:37Z"",""scheduled"":""2024-04-29T23:35:02Z""},""diff"":""bad"",""diffMin"":71},{""station"":""Agassiz"",""code"":""AGAS"",""estimated"":""2024-04-30T01:42:32Z"",""scheduled"":""2024-04-30T00:03:00Z"",""eta"":""ARR"",""arrival"":{""estimated"":""2024-04-30T01:42:32Z"",""scheduled"":""2024-04-30T00:03:00Z""},""departure"":{""estimated"":""2024-04-30T01:42:32Z"",""scheduled"":""2024-04-30T00:03:02Z""},""diff"":""bad"",""diffMin"":99},{""station"":""Katz"",""code"":""KATZ"",""estimated"":""2024-04-30T02:02:25Z"",""scheduled"":""2024-04-30T00:17:00Z"",""eta"":""ARR"",""arrival"":{""estimated"":""2024-04-30T02:02:25Z"",""scheduled"":""2024-04-30T00:17:00Z""},""departure"":{""estimated"":""2024-04-30T02:02:25Z"",""scheduled"":""2024-04-30T00:17:02Z""},""diff"":""bad"",""diffMin"":105},{""station"":""North Bend"",""code"":""NBND"",""estimated"":""2024-04-30T04:04:51Z"",""scheduled"":""2024-04-30T02:46:00Z"",""eta"":""ARR"",""arrival"":{""estimated"":""2024-04-30T04:04:51Z"",""scheduled"":""2024-04-30T02:46:00Z""},""departure"":{""estimated"":""2024-04-30T04:04:51Z"",""scheduled"":""2024-04-30T02:46:02Z""},""diff"":""bad"",""diffMin"":78},{""station"":""Ashcroft"",""code"":""ASHN"",""estimated"":""2024-04-30T07:28:44Z"",""scheduled"":""2024-04-30T05:32:00Z"",""eta"":""ARR"",""arrival"":{""estimated"":""2024-04-30T07:28:44Z"",""scheduled"":""2024-04-30T05:32:00Z""},""departure"":{""estimated"":""2024-04-30T07:28:44Z"",""scheduled"":""2024-04-30T05:32:02Z""},""diff"":""bad"",""diffMin"":116},{""station"":""Kamloops North"",""code"":""KAMN"",""estimated"":""2024-04-30T09:39:17Z"",""scheduled"":""2024-04-30T07:17:00Z"",""eta"":""ARR"",""arrival"":{""estimated"":""2024-04-30T09:39:17Z"",""scheduled"":""2024-04-30T07:17:00Z""},""departure"":{""estimated"":""2024-04-30T09:39:17Z"",""scheduled"":""2024-04-30T07:52:00Z""},""diff"":""bad"",""diffMin"":142},{""station"":""Clearwater"",""code"":""CLWT"",""estimated"":""2024-04-30T12:44:51Z"",""scheduled"":""2024-04-30T09:58:00Z"",""eta"":""ARR"",""arrival"":{""estimated"":""2024-04-30T12:44:51Z"",""scheduled"":""2024-04-30T09:58:00Z""},""departure"":{""estimated"":""2024-04-30T12:44:51Z"",""scheduled"":""2024-04-30T09:58:02Z""},""diff"":""bad"",""diffMin"":166},{""station"":""Blue River"",""code"":""BLUE"",""estimated"":""2024-04-30T14:49:22Z"",""scheduled"":""2024-04-30T12:11:00Z"",""eta"":""ARR"",""arrival"":{""estimated"":""2024-04-30T14:49:22Z"",""scheduled"":""2024-04-30T12:11:00Z""},""departure"":{""estimated"":""2024-04-30T14:49:22Z"",""scheduled"":""2024-04-30T12:11:02Z""},""diff"":""bad"",""diffMin"":158},{""station"":""Valemount"",""code"":""VLMT"",""estimated"":""2024-04-30T17:01:31Z"",""scheduled"":""2024-04-30T14:01:00Z"",""eta"":""ARR"",""arrival"":{""estimated"":""2024-04-30T17:01:31Z"",""scheduled"":""2024-04-30T14:01:00Z""},""departure"":{""estimated"":""2024-04-30T17:01:31Z"",""scheduled"":""2024-04-30T14:01:02Z""},""diff"":""bad"",""diffMin"":180},{""station"":""Jasper"",""code"":""JASP"",""estimated"":""2024-04-30T20:59:19Z"",""scheduled"":""2024-04-30T17:00:00Z"",""eta"":""ARR"",""arrival"":{""estimated"":""2024-04-30T20:59:19Z"",""scheduled"":""2024-04-30T17:00:00Z""},""departure"":{""estimated"":""2024-04-30T20:59:19Z"",""scheduled"":""2024-04-30T18:30:00Z""},""diff"":""bad"",""diffMin"":239},{""station"":""Hinton"",""code"":""HINT"",""estimated"":""2024-05-01T01:39:43Z"",""scheduled"":""2024-04-30T19:45:00Z"",""eta"":""51 mins"",""arrival"":{""estimated"":""2024-05-01T01:39:43Z"",""scheduled"":""2024-04-30T19:45:00Z""},""departure"":{""estimated"":""2024-05-01T01:39:43Z"",""scheduled"":""2024-04-30T19:45:02Z""},""diff"":""bad"",""diffMin"":354},{""station"":""Edson"",""code"":""EDSN"",""estimated"":""2024-05-01T03:13:43Z"",""scheduled"":""2024-04-30T21:19:00Z"",""eta"":""2h25"",""arrival"":{""estimated"":""2024-05-01T03:13:43Z"",""scheduled"":""2024-04-30T21:19:00Z""},""departure"":{""estimated"":""2024-05-01T03:13:43Z"",""scheduled"":""2024-04-30T21:19:02Z""},""diff"":""bad"",""diffMin"":354},{""station"":""Evansburg"",""code"":""EVAN"",""estimated"":""&mdash;"",""scheduled"":""2024-04-30T22:28:00Z"",""eta"":""&mdash;"",""arrival"":{""scheduled"":""2024-04-30T22:28:00Z""},""departure"":{""scheduled"":""2024-04-30T22:28:02Z""}},{""station"":""Edmonton"",""code"":""EDMO"",""estimated"":""&mdash;"",""scheduled"":""2024-05-01T00:50:00Z"",""eta"":""&mdash;"",""arrival"":{""scheduled"":""2024-05-01T00:50:00Z""},""departure"":{""scheduled"":""2024-05-01T01:50:00Z""}},{""station"":""Viking"",""code"":""VKNG"",""estimated"":""&mdash;"",""scheduled"":""2024-05-01T03:53:00Z"",""eta"":""&mdash;"",""arrival"":{""scheduled"":""2024-05-01T03:53:00Z""},""departure"":{""scheduled"":""2024-05-01T03:53:02Z""}},{""station"":""Wainwright"",""code"":""WAIN"",""estimated"":""&mdash;"",""scheduled"":""2024-05-01T06:14:00Z"",""eta"":""&mdash;"",""arrival"":{""scheduled"":""2024-05-01T06:14:00Z""},""departure"":{""scheduled"":""2024-05-01T06:14:02Z""}},{""station"":""Unity"",""code"":""UNIT"",""estimated"":""&mdash;"",""scheduled"":""2024-05-01T07:47:00Z"",""eta"":""&mdash;"",""arrival"":{""scheduled"":""2024-05-01T07:47:00Z""},""departure"":{""scheduled"":""2024-05-01T07:47:02Z""}},{""station"":""Biggar"",""code"":""BIGG"",""estimated"":""&mdash;"",""scheduled"":""2024-05-01T09:21:00Z"",""eta"":""&mdash;"",""arrival"":{""scheduled"":""2024-05-01T09:21:00Z""},""departure"":{""scheduled"":""2024-05-01T09:31:00Z""}},{""station"":""Saskatoon"",""code"":""SASK"",""estimated"":""&mdash;"",""scheduled"":""2024-05-01T11:57:00Z"",""eta"":""&mdash;"",""arrival"":{""scheduled"":""2024-05-01T11:57:00Z""},""departure"":{""scheduled"":""2024-05-01T12:57:00Z""}},{""station"":""Watrous"",""code"":""WATR"",""estimated"":""&mdash;"",""scheduled"":""2024-05-01T14:26:00Z"",""eta"":""&mdash;"",""arrival"":{""scheduled"":""2024-05-01T14:26:00Z""},""departure"":{""scheduled"":""2024-05-01T14:26:02Z""}}]"
"693 (04-30)",true,false,"WINNIPEG","CHURCHILL","2024-04-30","[{""station"":""Winnipeg"",""code"":""WNPG"",""estimated"":""2024-04-30T17:05:00Z"",""scheduled"":""2024-04-30T17:05:00Z"",""eta"":""ARR"",""departure"":{""estimated"":""2024-04-30T17:05:00Z"",""scheduled"":""2024-04-30T17:05:00Z""},""diff"":""goo"",""diffMin"":0},{""station"":""Portage La Prairie"",""code"":""PLPX"",""estimated"":""2024-04-30T18:08:32Z"",""scheduled"":""2024-04-30T18:15:00Z"",""eta"":""ARR"",""arrival"":{""estimated"":""2024-04-30T18:08:32Z"",""scheduled"":""2024-04-30T18:15:00Z""},""departure"":{""estimated"":""2024-04-30T18:08:28Z"",""scheduled"":""2024-04-30T18:15:22Z""},""diff"":""goo"",""diffMin"":-6},{""station"":""Gladstone"",""code"":""GSTO"",""estimated"":""2024-04-30T19:01:03Z"",""scheduled"":""2024-04-30T19:07:00Z"",""eta"":""ARR"",""arrival"":{""estimated"":""2024-04-30T19:01:03Z"",""scheduled"":""2024-04-30T19:07:00Z""},""departure"":{""estimated"":""2024-04-30T19:01:38Z"",""scheduled"":""2024-04-30T19:07:02Z""},""diff"":""goo"",""diffMin"":-5},{""station"":""Plumas"",""code"":""PLUM"",""estimated"":""2024-04-30T19:33:51Z"",""scheduled"":""2024-04-30T19:44:00Z"",""eta"":""ARR"",""arrival"":{""estimated"":""2024-04-30T19:33:51Z"",""scheduled"":""2024-04-30T19:44:00Z""},""departure"":{""estimated"":""2024-04-30T19:31:58Z"",""scheduled"":""2024-04-30T19:44:02Z""},""diff"":""goo"",""diffMin"":-10},{""station"":""Glenella"",""code"":""GLNA"",""estimated"":""2024-04-30T19:59:29Z"",""scheduled"":""2024-04-30T20:16:00Z"",""eta"":""ARR"",""arrival"":{""estimated"":""2024-04-30T19:59:29Z"",""scheduled"":""2024-04-30T20:16:00Z""},""departure"":{""estimated"":""2024-04-30T19:58:38Z"",""scheduled"":""2024-04-30T20:16:02Z""},""diff"":""goo"",""diffMin"":-16},{""station"":""Mccreary"",""code"":""MCCR"",""estimated"":""2024-04-30T20:38:45Z"",""scheduled"":""2024-04-30T20:57:00Z"",""eta"":""ARR"",""arrival"":{""estimated"":""2024-04-30T20:38:45Z"",""scheduled"":""2024-04-30T20:57:00Z""},""departure"":{""estimated"":""2024-04-30T20:38:09Z"",""scheduled"":""2024-04-30T20:57:02Z""},""diff"":""goo"",""diffMin"":-18},{""station"":""Laurier"",""code"":""LRIE"",""estimated"":""2024-04-30T20:54:24Z"",""scheduled"":""2024-04-30T21:15:00Z"",""eta"":""ARR"",""arrival"":{""estimated"":""2024-04-30T20:54:24Z"",""scheduled"":""2024-04-30T21:15:00Z""},""departure"":{""estimated"":""2024-04-30T20:53:38Z"",""scheduled"":""2024-04-30T21:15:02Z""},""diff"":""goo"",""diffMin"":-20},{""station"":""Ochre River"",""code"":""OCHR"",""estimated"":""2024-04-30T21:10:45Z"",""scheduled"":""2024-04-30T21:36:00Z"",""eta"":""ARR"",""arrival"":{""estimated"":""2024-04-30T21:10:45Z"",""scheduled"":""2024-04-30T21:36:00Z""},""departure"":{""estimated"":""2024-04-30T21:12:58Z"",""scheduled"":""2024-04-30T21:36:02Z""},""diff"":""goo"",""diffMin"":-25},{""station"":""Dauphin"",""code"":""DAUP"",""estimated"":""2024-04-30T21:35:48Z"",""scheduled"":""2024-04-30T21:56:00Z"",""eta"":""ARR"",""arrival"":{""estimated"":""2024-04-30T21:35:48Z"",""scheduled"":""2024-04-30T21:56:00Z""},""departure"":{""estimated"":""2024-04-30T22:04:30Z"",""scheduled"":""2024-04-30T22:06:00Z""},""diff"":""goo"",""diffMin"":-20},{""station"":""Gilbert Plains"",""code"":""GLBP"",""estimated"":""2024-04-30T22:42:31Z"",""scheduled"":""2024-04-30T22:44:00Z"",""eta"":""ARR"",""arrival"":{""estimated"":""2024-04-30T22:42:31Z"",""scheduled"":""2024-04-30T22:44:00Z""},""departure"":{""estimated"":""2024-04-30T22:42:13Z"",""scheduled"":""2024-04-30T22:44:02Z""},""diff"":""goo"",""diffMin"":-1},{""station"":""Grandview"",""code"":""GVIE"",""estimated"":""2024-04-30T23:01:31Z"",""scheduled"":""2024-04-30T23:00:00Z"",""eta"":""ARR"",""arrival"":{""estimated"":""2024-04-30T23:01:31Z"",""scheduled"":""2024-04-30T23:00:00Z""},""departure"":{""estimated"":""2024-04-30T23:01:31Z"",""scheduled"":""2024-04-30T23:00:02Z""},""diff"":""goo"",""diffMin"":1},{""station"":""Roblin"",""code"":""RBLN"",""estimated"":""2024-05-01T00:06:24Z"",""scheduled"":""2024-04-30T23:55:00Z"",""eta"":""ARR"",""arrival"":{""estimated"":""2024-05-01T00:06:24Z"",""scheduled"":""2024-04-30T23:55:00Z""},""departure"":{""estimated"":""2024-05-01T00:06:24Z"",""scheduled"":""2024-04-30T23:55:02Z""},""diff"":""med"",""diffMin"":11},{""station"":""Togo"",""code"":""TOGO"",""estimated"":""2024-05-01T00:49:03Z"",""scheduled"":""2024-05-01T00:22:00Z"",""eta"":""< 1 min"",""arrival"":{""estimated"":""2024-05-01T00:49:03Z"",""scheduled"":""2024-05-01T00:22:00Z""},""departure"":{""estimated"":""2024-05-01T00:49:03Z"",""scheduled"":""2024-05-01T00:22:02Z""},""diff"":""bad"",""diffMin"":27},{""station"":""Kamsack"",""code"":""KAMS"",""estimated"":""2024-05-01T01:26:03Z"",""scheduled"":""2024-05-01T00:59:00Z"",""eta"":""37 mins"",""arrival"":{""estimated"":""2024-05-01T01:26:03Z"",""scheduled"":""2024-05-01T00:59:00Z""},""departure"":{""estimated"":""2024-05-01T01:26:03Z"",""scheduled"":""2024-05-01T00:59:02Z""},""diff"":""bad"",""diffMin"":27},{""station"":""Veregin"",""code"":""VERE"",""estimated"":""2024-05-01T01:39:03Z"",""scheduled"":""2024-05-01T01:12:00Z"",""eta"":""50 mins"",""arrival"":{""estimated"":""2024-05-01T01:39:03Z"",""scheduled"":""2024-05-01T01:12:00Z""},""departure"":{""estimated"":""2024-05-01T01:39:03Z"",""scheduled"":""2024-05-01T01:12:02Z""},""diff"":""bad"",""diffMin"":27},{""station"":""Mikado"",""code"":""MIKA"",""estimated"":""2024-05-01T01:49:03Z"",""scheduled"":""2024-05-01T01:22:00Z"",""eta"":""1h00"",""arrival"":{""estimated"":""2024-05-01T01:49:03Z"",""scheduled"":""2024-05-01T01:22:00Z""},""departure"":{""estimated"":""2024-05-01T01:49:03Z"",""scheduled"":""2024-05-01T01:22:02Z""},""diff"":""bad"",""diffMin"":27},{""station"":""Canora"",""code"":""CANO"",""estimated"":""2024-05-01T02:03:03Z"",""scheduled"":""2024-05-01T01:36:00Z"",""eta"":""1h14"",""arrival"":{""estimated"":""2024-05-01T02:03:03Z"",""scheduled"":""2024-05-01T01:36:00Z""},""departure"":{""estimated"":""2024-05-01T02:03:03Z"",""scheduled"":""2024-05-01T01:46:00Z""},""diff"":""bad"",""diffMin"":27},{""station"":""Sturgis"",""code"":""STGS"",""estimated"":""2024-05-01T02:48:03Z"",""scheduled"":""2024-05-01T02:21:00Z"",""eta"":""1h59"",""arrival"":{""estimated"":""2024-05-01T02:48:03Z"",""scheduled"":""2024-05-01T02:21:00Z""},""departure"":{""estimated"":""2024-05-01T02:48:03Z"",""scheduled"":""2024-05-01T02:21:02Z""},""diff"":""bad"",""diffMin"":27},{""station"":""Endeavour"",""code"":""ENDV"",""estimated"":""2024-05-01T03:21:03Z"",""scheduled"":""2024-05-01T02:54:00Z"",""eta"":""2h32"",""arrival"":{""estimated"":""2024-05-01T03:21:03Z"",""scheduled"":""2024-05-01T02:54:00Z""},""departure"":{""estimated"":""2024-05-01T03:21:03Z"",""scheduled"":""2024-05-01T02:54:02Z""},""diff"":""bad"",""diffMin"":27},{""station"":""Reserve"",""code"":""RSRV"",""estimated"":""2024-05-01T04:01:03Z"",""scheduled"":""2024-05-01T03:34:00Z"",""eta"":""3h12"",""arrival"":{""estimated"":""2024-05-01T04:01:03Z"",""scheduled"":""2024-05-01T03:34:00Z""},""departure"":{""estimated"":""2024-05-01T04:01:03Z"",""scheduled"":""2024-05-01T03:34:02Z""},""diff"":""bad"",""diffMin"":27},{""station"":""Hudson Bay"",""code"":""HBAY"",""estimated"":""2024-05-01T04:59:03Z"",""scheduled"":""2024-05-01T04:32:00Z"",""eta"":""4h10"",""arrival"":{""estimated"":""2024-05-01T04:59:03Z"",""scheduled"":""2024-05-01T04:32:00Z""},""departure"":{""estimated"":""2024-05-01T04:59:03Z"",""scheduled"":""2024-05-01T04:32:02Z""},""diff"":""bad"",""diffMin"":27},{""station"":""The Pas"",""code"":""TPAS"",""estimated"":""2024-05-01T07:12:03Z"",""scheduled"":""2024-05-01T06:45:00Z"",""eta"":""6h23"",""arrival"":{""estimated"":""2024-05-01T07:12:03Z"",""scheduled"":""2024-05-01T06:45:00Z""},""departure"":{""estimated"":""2024-05-01T07:57:03Z"",""scheduled"":""2024-05-01T07:30:00Z""},""diff"":""bad"",""diffMin"":27},{""station"":""Orok"",""code"":""OROK"",""estimated"":""2024-05-01T08:34:03Z"",""scheduled"":""2024-05-01T08:07:00Z"",""eta"":""7h45"",""arrival"":{""estimated"":""2024-05-01T08:34:03Z"",""scheduled"":""2024-05-01T08:07:00Z""},""departure"":{""estimated"":""2024-05-01T08:34:03Z"",""scheduled"":""2024-05-01T08:07:02Z""},""diff"":""bad"",""diffMin"":27},{""station"":""Halcrow"",""code"":""HALC"",""estimated"":""2024-05-01T09:28:03Z"",""scheduled"":""2024-05-01T09:01:00Z"",""eta"":""8h39"",""arrival"":{""estimated"":""2024-05-01T09:28:03Z"",""scheduled"":""2024-05-01T09:01:00Z""},""departure"":{""estimated"":""2024-05-01T09:28:03Z"",""scheduled"":""2024-05-01T09:01:02Z""},""diff"":""bad"",""diffMin"":27},{""station"":""Cormorant"",""code"":""CORM"",""estimated"":""2024-05-01T09:39:03Z"",""scheduled"":""2024-05-01T09:12:00Z"",""eta"":""8h50"",""arrival"":{""estimated"":""2024-05-01T09:39:03Z"",""scheduled"":""2024-05-01T09:12:00Z""},""departure"":{""estimated"":""2024-05-01T09:39:03Z"",""scheduled"":""2024-05-01T09:12:02Z""},""diff"":""bad"",""diffMin"":27},{""station"":""Dering"",""code"":""DERI"",""estimated"":""2024-05-01T09:47:03Z"",""scheduled"":""2024-05-01T09:20:00Z"",""eta"":""8h58"",""arrival"":{""estimated"":""2024-05-01T09:47:03Z"",""scheduled"":""2024-05-01T09:20:00Z""},""departure"":{""estimated"":""2024-05-01T09:47:03Z"",""scheduled"":""2024-05-01T09:20:02Z""},""diff"":""bad"",""diffMin"":27},{""station"":""Dyce"",""code"":""DYCE"",""estimated"":""2024-05-01T10:26:03Z"",""scheduled"":""2024-05-01T09:59:00Z"",""eta"":""9h37"",""arrival"":{""estimated"":""2024-05-01T10:26:03Z"",""scheduled"":""2024-05-01T09:59:00Z""},""departure"":{""estimated"":""2024-05-01T10:26:03Z"",""scheduled"":""2024-05-01T09:59:02Z""},""diff"":""bad"",""diffMin"":27},{""station"":""Wekusko"",""code"":""WEKU"",""estimated"":""2024-05-01T11:10:03Z"",""scheduled"":""2024-05-01T10:43:00Z"",""eta"":""10h21"",""arrival"":{""estimated"":""2024-05-01T11:10:03Z"",""scheduled"":""2024-05-01T10:43:00Z""},""departure"":{""estimated"":""2024-05-01T11:10:03Z"",""scheduled"":""2024-05-01T10:43:02Z""},""diff"":""bad"",""diffMin"":27},{""station"":""Turnbull"",""code"":""TURN"",""estimated"":""2024-05-01T11:37:03Z"",""scheduled"":""2024-05-01T11:10:00Z"",""eta"":""10h48"",""arrival"":{""estimated"":""2024-05-01T11:37:03Z"",""scheduled"":""2024-05-01T11:10:00Z""},""departure"":{""estimated"":""2024-05-01T11:37:03Z"",""scheduled"":""2024-05-01T11:10:02Z""},""diff"":""bad"",""diffMin"":27},{""station"":""Ponton"",""code"":""PNTN"",""estimated"":""2024-05-01T12:09:03Z"",""scheduled"":""2024-05-01T11:42:00Z"",""eta"":""11h20"",""arrival"":{""estimated"":""2024-05-01T12:09:03Z"",""scheduled"":""2024-05-01T11:42:00Z""},""departure"":{""estimated"":""2024-05-01T12:09:03Z"",""scheduled"":""2024-05-01T11:42:02Z""},""diff"":""bad"",""diffMin"":27},{""station"":""Pipun"",""code"":""PIPN"",""estimated"":""2024-05-01T12:52:03Z"",""scheduled"":""2024-05-01T12:25:00Z"",""eta"":""12h03"",""arrival"":{""estimated"":""2024-05-01T12:52:03Z"",""scheduled"":""2024-05-01T12:25:00Z""},""departure"":{""estimated"":""2024-05-01T12:52:03Z"",""scheduled"":""2024-05-01T12:25:02Z""},""diff"":""bad"",""diffMin"":27},{""station"":""Wabowden"",""code"":""WBDN"",""estimated"":""2024-05-01T13:15:03Z"",""scheduled"":""2024-05-01T12:48:00Z"",""eta"":""12h26"",""arrival"":{""estimated"":""2024-05-01T13:15:03Z"",""scheduled"":""2024-05-01T12:48:00Z""},""departure"":{""estimated"":""2024-05-01T13:15:03Z"",""scheduled"":""2024-05-01T12:48:02Z""},""diff"":""bad"",""diffMin"":27},{""station"":""Lyddal"",""code"":""LYDD"",""estimated"":""2024-05-01T13:43:03Z"",""scheduled"":""2024-05-01T13:16:00Z"",""eta"":""12h54"",""arrival"":{""estimated"":""2024-05-01T13:43:03Z"",""scheduled"":""2024-05-01T13:16:00Z""},""departure"":{""estimated"":""2024-05-01T13:43:03Z"",""scheduled"":""2024-05-01T13:16:02Z""},""diff"":""bad"",""diffMin"":27},{""station"":""Odhill"",""code"":""ODHI"",""estimated"":""2024-05-01T14:05:03Z"",""scheduled"":""2024-05-01T13:38:00Z"",""eta"":""13h16"",""arrival"":{""estimated"":""2024-05-01T14:05:03Z"",""scheduled"":""2024-05-01T13:38:00Z""},""departure"":{""estimated"":""2024-05-01T14:05:03Z"",""scheduled"":""2024-05-01T13:38:02Z""},""diff"":""bad"",""diffMin"":27},{""station"":""Hockin"",""code"":""HOCK"",""estimated"":""2024-05-01T14:49:03Z"",""scheduled"":""2024-05-01T14:22:00Z"",""eta"":""14h00"",""arrival"":{""estimated"":""2024-05-01T14:49:03Z"",""scheduled"":""2024-05-01T14:22:00Z""},""departure"":{""estimated"":""2024-05-01T14:49:03Z"",""scheduled"":""2024-05-01T14:22:02Z""},""diff"":""bad"",""diffMin"":27},{""station"":""Thicket Portage"",""code"":""THKP"",""estimated"":""2024-05-01T15:04:03Z"",""scheduled"":""2024-05-01T14:37:00Z"",""eta"":""14h15"",""arrival"":{""estimated"":""2024-05-01T15:04:03Z"",""scheduled"":""2024-05-01T14:37:00Z""},""departure"":{""estimated"":""2024-05-01T15:04:03Z"",""scheduled"":""2024-05-01T14:37:02Z""},""diff"":""bad"",""diffMin"":27}]"
"37",true,true,"QUÉBEC","OTTAWA","2024-04-30","[{""station"":""Québec"",""code"":""QBEC"",""estimated"":""2024-04-30T16:36:00Z"",""scheduled"":""2024-04-30T16:36:00Z"",""eta"":""ARR"",""departure"":{""estimated"":""2024-04-30T16:36:00Z"",""scheduled"":""2024-04-30T16:36:00Z""},""diff"":""goo"",""diffMin"":0},{""station"":""Ste-Foy"",""code"":""SFOY"",""estimated"":""2024-04-30T17:02:31Z"",""scheduled"":""2024-04-30T17:00:00Z"",""eta"":""ARR"",""arrival"":{""estimated"":""2024-04-30T17:02:31Z"",""scheduled"":""2024-04-30T17:00:00Z""},""departure"":{""estimated"":""2024-04-30T17:02:31Z"",""scheduled"":""2024-04-30T17:02:00Z""},""diff"":""goo"",""diffMin"":2},{""station"":""Drummondville"",""code"":""DRMV"",""estimated"":""2024-04-30T18:58:09Z"",""scheduled"":""2024-04-30T18:43:00Z"",""eta"":""ARR"",""arrival"":{""estimated"":""2024-04-30T18:58:09Z"",""scheduled"":""2024-04-30T18:43:00Z""},""departure"":{""estimated"":""2024-04-30T18:58:09Z"",""scheduled"":""2024-04-30T18:45:00Z""},""diff"":""bad"",""diffMin"":15},{""station"":""St. Hyacinthe"",""code"":""SHYA"",""estimated"":""2024-04-30T19:28:02Z"",""scheduled"":""2024-04-30T19:14:00Z"",""eta"":""ARR"",""arrival"":{""estimated"":""2024-04-30T19:28:02Z"",""scheduled"":""2024-04-30T19:14:00Z""},""departure"":{""estimated"":""2024-04-30T19:28:02Z"",""scheduled"":""2024-04-30T19:16:00Z""},""diff"":""med"",""diffMin"":14},{""station"":""St. Lambert"",""code"":""SLAM"",""estimated"":""2024-04-30T20:01:34Z"",""scheduled"":""2024-04-30T19:42:00Z"",""eta"":""ARR"",""arrival"":{""estimated"":""2024-04-30T20:01:34Z"",""scheduled"":""2024-04-30T19:42:00Z""},""departure"":{""estimated"":""2024-04-30T20:01:34Z"",""scheduled"":""2024-04-30T19:44:00Z""},""diff"":""bad"",""diffMin"":19},{""station"":""Montréal"",""code"":""MTRL"",""estimated"":""2024-04-30T20:20:55Z"",""scheduled"":""2024-04-30T19:54:00Z"",""eta"":""ARR"",""arrival"":{""estimated"":""2024-04-30T20:20:55Z"",""scheduled"":""2024-04-30T19:54:00Z""},""departure"":{""estimated"":""2024-04-30T20:42:00Z"",""scheduled"":""2024-04-30T20:30:00Z""},""diff"":""bad"",""diffMin"":26},{""station"":""Dorval"",""code"":""DORV"",""estimated"":""2024-04-30T21:13:40Z"",""scheduled"":""2024-04-30T21:02:00Z"",""eta"":""ARR"",""arrival"":{""estimated"":""2024-04-30T21:13:40Z"",""scheduled"":""2024-04-30T21:02:00Z""},""departure"":{""estimated"":""2024-04-30T21:13:40Z"",""scheduled"":""2024-04-30T21:04:00Z""},""diff"":""med"",""diffMin"":11},{""station"":""Coteau"",""code"":""COTO"",""estimated"":""2024-04-30T21:41:44Z"",""scheduled"":""2024-04-30T21:28:00Z"",""eta"":""ARR"",""arrival"":{""estimated"":""2024-04-30T21:41:44Z"",""scheduled"":""2024-04-30T21:28:00Z""},""departure"":{""estimated"":""2024-04-30T21:41:44Z"",""scheduled"":""2024-04-30T21:29:00Z""},""diff"":""med"",""diffMin"":13},{""station"":""Alexandria"",""code"":""ALEX"",""estimated"":""2024-04-30T22:05:51Z"",""scheduled"":""2024-04-30T21:50:00Z"",""eta"":""ARR"",""arrival"":{""estimated"":""2024-04-30T22:05:51Z"",""scheduled"":""2024-04-30T21:50:00Z""},""departure"":{""estimated"":""2024-04-30T22:05:51Z"",""scheduled"":""2024-04-30T21:51:00Z""},""diff"":""bad"",""diffMin"":15},{""station"":""Ottawa"",""code"":""OTTW"",""estimated"":""2024-04-30T22:52:50Z"",""scheduled"":""2024-04-30T22:40:00Z"",""eta"":""ARR"",""arrival"":{""estimated"":""2024-04-30T22:52:50Z"",""scheduled"":""2024-04-30T22:40:00Z""},""diff"":""med"",""diffMin"":12}]"
"64",true,true,"TORONTO","MONTRÉAL","2024-04-30","[{""station"":""Toronto"",""code"":""TRTO"",""estimated"":""2024-04-30T15:32:11Z"",""scheduled"":""2024-04-30T15:32:00Z"",""eta"":""ARR"",""departure"":{""estimated"":""2024-04-30T15:32:11Z"",""scheduled"":""2024-04-30T15:32:00Z""},""diff"":""goo"",""diffMin"":0},{""station"":""Guildwood"",""code"":""GUIL"",""estimated"":""2024-04-30T15:53:09Z"",""scheduled"":""2024-04-30T15:51:00Z"",""eta"":""ARR"",""arrival"":{""estimated"":""2024-04-30T15:53:09Z"",""scheduled"":""2024-04-30T15:51:00Z""},""departure"":{""estimated"":""2024-04-30T15:53:09Z"",""scheduled"":""2024-04-30T15:52:00Z""},""diff"":""goo"",""diffMin"":2},{""station"":""Oshawa"",""code"":""OSHA"",""estimated"":""2024-04-30T16:15:14Z"",""scheduled"":""2024-04-30T16:08:00Z"",""eta"":""ARR"",""arrival"":{""estimated"":""2024-04-30T16:15:14Z"",""scheduled"":""2024-04-30T16:08:00Z""},""departure"":{""estimated"":""2024-04-30T16:15:14Z"",""scheduled"":""2024-04-30T16:11:00Z""},""diff"":""med"",""diffMin"":7},{""station"":""Cobourg"",""code"":""CBRG"",""estimated"":""2024-04-30T16:49:48Z"",""scheduled"":""2024-04-30T16:43:00Z"",""eta"":""ARR"",""arrival"":{""estimated"":""2024-04-30T16:49:48Z"",""scheduled"":""2024-04-30T16:43:00Z""},""departure"":{""estimated"":""2024-04-30T16:49:48Z"",""scheduled"":""2024-04-30T16:46:00Z""},""diff"":""med"",""diffMin"":6},{""station"":""Belleville"",""code"":""BLVL"",""estimated"":""2024-04-30T17:23:54Z"",""scheduled"":""2024-04-30T17:21:00Z"",""eta"":""ARR"",""arrival"":{""estimated"":""2024-04-30T17:23:54Z"",""scheduled"":""2024-04-30T17:21:00Z""},""departure"":{""estimated"":""2024-04-30T17:23:54Z"",""scheduled"":""2024-04-30T17:25:00Z""},""diff"":""goo"",""diffMin"":2},{""station"":""Kingston"",""code"":""KGON"",""estimated"":""2024-04-30T18:02:04Z"",""scheduled"":""2024-04-30T18:00:00Z"",""eta"":""ARR"",""arrival"":{""estimated"":""2024-04-30T18:02:04Z"",""scheduled"":""2024-04-30T18:00:00Z""},""departure"":{""estimated"":""2024-04-30T18:02:04Z"",""scheduled"":""2024-04-30T18:05:00Z""},""diff"":""goo"",""diffMin"":2},{""station"":""Brockville"",""code"":""BRKV"",""estimated"":""2024-04-30T19:04:25Z"",""scheduled"":""2024-04-30T18:49:00Z"",""eta"":""ARR"",""arrival"":{""estimated"":""2024-04-30T19:04:25Z"",""scheduled"":""2024-04-30T18:49:00Z""},""departure"":{""estimated"":""2024-04-30T19:04:25Z"",""scheduled"":""2024-04-30T18:52:00Z""},""diff"":""bad"",""diffMin"":15},{""station"":""Cornwall"",""code"":""CWLL"",""estimated"":""2024-04-30T19:54:15Z"",""scheduled"":""2024-04-30T19:36:00Z"",""eta"":""ARR"",""arrival"":{""estimated"":""2024-04-30T19:54:15Z"",""scheduled"":""2024-04-30T19:36:00Z""},""departure"":{""estimated"":""2024-04-30T19:54:15Z"",""scheduled"":""2024-04-30T19:38:00Z""},""diff"":""bad"",""diffMin"":18},{""station"":""Dorval"",""code"":""DORV"",""estimated"":""2024-04-30T20:45:44Z"",""scheduled"":""2024-04-30T20:37:00Z"",""eta"":""ARR"",""arrival"":{""estimated"":""2024-04-30T20:45:44Z"",""scheduled"":""2024-04-30T20:37:00Z""},""departure"":{""estimated"":""2024-04-30T20:45:44Z"",""scheduled"":""2024-04-30T20:40:00Z""},""diff"":""med"",""diffMin"":8},{""station"":""Montréal"",""code"":""MTRL"",""estimated"":""2024-04-30T21:17:55Z"",""scheduled"":""2024-04-30T21:01:00Z"",""eta"":""ARR"",""arrival"":{""estimated"":""2024-04-30T21:17:55Z"",""scheduled"":""2024-04-30T21:01:00Z""},""diff"":""bad"",""diffMin"":16}]"
"63",true,true,"MONTRÉAL","TORONTO","2024-04-30","[{""station"":""Montréal"",""code"":""MTRL"",""estimated"":""2024-04-30T12:50:00Z"",""scheduled"":""2024-04-30T12:50:00Z"",""eta"":""ARR"",""departure"":{""estimated"":""2024-04-30T12:50:00Z"",""scheduled"":""2024-04-30T12:50:00Z""},""diff"":""goo"",""diffMin"":0},{""station"":""Dorval"",""code"":""DORV"",""estimated"":""2024-04-30T13:18:47Z"",""scheduled"":""2024-04-30T13:12:00Z"",""eta"":""ARR"",""arrival"":{""estimated"":""2024-04-30T13:18:47Z"",""scheduled"":""2024-04-30T13:12:00Z""},""departure"":{""estimated"":""2024-04-30T13:18:47Z"",""scheduled"":""2024-04-30T13:15:00Z""},""diff"":""med"",""diffMin"":6},{""station"":""Cornwall"",""code"":""CWLL"",""estimated"":""2024-04-30T14:20:21Z"",""scheduled"":""2024-04-30T14:03:00Z"",""eta"":""ARR"",""arrival"":{""estimated"":""2024-04-30T14:20:21Z"",""scheduled"":""2024-04-30T14:03:00Z""},""departure"":{""estimated"":""2024-04-30T14:20:21Z"",""scheduled"":""2024-04-30T14:05:00Z""},""diff"":""bad"",""diffMin"":17},{""station"":""Brockville"",""code"":""BRKV"",""estimated"":""2024-04-30T15:08:42Z"",""scheduled"":""2024-04-30T14:49:00Z"",""eta"":""ARR"",""arrival"":{""estimated"":""2024-04-30T15:08:42Z"",""scheduled"":""2024-04-30T14:49:00Z""},""departure"":{""estimated"":""2024-04-30T15:08:42Z"",""scheduled"":""2024-04-30T14:51:00Z""},""diff"":""bad"",""diffMin"":19},{""station"":""Kingston"",""code"":""KGON"",""estimated"":""2024-04-30T15:52:03Z"",""scheduled"":""2024-04-30T15:34:00Z"",""eta"":""ARR"",""arrival"":{""estimated"":""2024-04-30T15:52:03Z"",""scheduled"":""2024-04-30T15:34:00Z""},""departure"":{""estimated"":""2024-04-30T15:52:03Z"",""scheduled"":""2024-04-30T15:38:00Z""},""diff"":""bad"",""diffMin"":18},{""station"":""Belleville"",""code"":""BLVL"",""estimated"":""2024-04-30T16:32:04Z"",""scheduled"":""2024-04-30T16:20:00Z"",""eta"":""ARR"",""arrival"":{""estimated"":""2024-04-30T16:32:04Z"",""scheduled"":""2024-04-30T16:20:00Z""},""departure"":{""estimated"":""2024-04-30T16:32:04Z"",""scheduled"":""2024-04-30T16:21:00Z""},""diff"":""med"",""diffMin"":12},{""station"":""Cobourg"",""code"":""CBRG"",""estimated"":""2024-04-30T17:08:10Z"",""scheduled"":""2024-04-30T17:01:00Z"",""eta"":""ARR"",""arrival"":{""estimated"":""2024-04-30T17:08:10Z"",""scheduled"":""2024-04-30T17:01:00Z""},""departure"":{""estimated"":""2024-04-30T17:08:10Z"",""scheduled"":""2024-04-30T17:02:00Z""},""diff"":""med"",""diffMin"":7},{""station"":""Oshawa"",""code"":""OSHA"",""estimated"":""2024-04-30T17:51:11Z"",""scheduled"":""2024-04-30T17:38:00Z"",""eta"":""ARR"",""arrival"":{""estimated"":""2024-04-30T17:51:11Z"",""scheduled"":""2024-04-30T17:38:00Z""},""departure"":{""estimated"":""2024-04-30T17:51:11Z"",""scheduled"":""2024-04-30T17:40:00Z""},""diff"":""med"",""diffMin"":13},{""station"":""Guildwood"",""code"":""GUIL"",""estimated"":""2024-04-30T18:11:45Z"",""scheduled"":""2024-04-30T17:59:00Z"",""eta"":""ARR"",""arrival"":{""estimated"":""2024-04-30T18:11:45Z"",""scheduled"":""2024-04-30T17:59:00Z""},""departure"":{""estimated"":""2024-04-30T18:11:45Z"",""scheduled"":""2024-04-30T18:00:00Z""},""diff"":""med"",""diffMin"":12},{""station"":""Toronto"",""code"":""TRTO"",""estimated"":""2024-04-30T18:33:49Z"",""scheduled"":""2024-04-30T18:18:00Z"",""eta"":""ARR"",""arrival"":{""estimated"":""2024-04-30T18:33:49Z"",""scheduled"":""2024-04-30T18:18:00Z""},""diff"":""bad"",""diffMin"":15}]"
"71",true,true,"TORONTO","WINDSOR","2024-04-30","[{""station"":""Toronto"",""code"":""TRTO"",""estimated"":""2024-04-30T10:50:00Z"",""scheduled"":""2024-04-30T10:50:00Z"",""eta"":""ARR"",""departure"":{""estimated"":""2024-04-30T10:50:00Z"",""scheduled"":""2024-04-30T10:50:00Z""},""diff"":""goo"",""diffMin"":0},{""station"":""Oakville"",""code"":""OAKV"",""estimated"":""2024-04-30T11:13:24Z"",""scheduled"":""2024-04-30T11:13:00Z"",""eta"":""ARR"",""arrival"":{""estimated"":""2024-04-30T11:13:24Z"",""scheduled"":""2024-04-30T11:13:00Z""},""departure"":{""estimated"":""2024-04-30T11:13:24Z"",""scheduled"":""2024-04-30T11:15:00Z""},""diff"":""goo"",""diffMin"":0},{""station"":""Aldershot"",""code"":""ALDR"",""estimated"":""2024-04-30T11:27:08Z"",""scheduled"":""2024-04-30T11:29:00Z"",""eta"":""ARR"",""arrival"":{""estimated"":""2024-04-30T11:27:08Z"",""scheduled"":""2024-04-30T11:29:00Z""},""departure"":{""estimated"":""2024-04-30T11:29:43Z"",""scheduled"":""2024-04-30T11:31:00Z""},""diff"":""goo"",""diffMin"":-1},{""station"":""Brantford"",""code"":""BRTF"",""estimated"":""2024-04-30T11:57:43Z"",""scheduled"":""2024-04-30T11:55:00Z"",""eta"":""ARR"",""arrival"":{""estimated"":""2024-04-30T11:57:43Z"",""scheduled"":""2024-04-30T11:55:00Z""},""departure"":{""estimated"":""2024-04-30T11:57:43Z"",""scheduled"":""2024-04-30T11:59:00Z""},""diff"":""goo"",""diffMin"":2},{""station"":""Woodstock"",""code"":""WDST"",""estimated"":""2024-04-30T12:32:40Z"",""scheduled"":""2024-04-30T12:30:00Z"",""eta"":""ARR"",""arrival"":{""estimated"":""2024-04-30T12:32:40Z"",""scheduled"":""2024-04-30T12:30:00Z""},""departure"":{""estimated"":""2024-04-30T12:32:40Z"",""scheduled"":""2024-04-30T12:31:00Z""},""diff"":""goo"",""diffMin"":2},{""station"":""Ingersoll"",""code"":""INGR"",""estimated"":""2024-04-30T12:43:59Z"",""scheduled"":""2024-04-30T12:43:00Z"",""eta"":""ARR"",""arrival"":{""estimated"":""2024-04-30T12:43:59Z"",""scheduled"":""2024-04-30T12:43:00Z""},""departure"":{""estimated"":""2024-04-30T12:43:59Z"",""scheduled"":""2024-04-30T12:44:00Z""},""diff"":""goo"",""diffMin"":0},{""station"":""London"",""code"":""LNDN"",""estimated"":""2024-04-30T13:06:37Z"",""scheduled"":""2024-04-30T13:06:00Z"",""eta"":""ARR"",""arrival"":{""estimated"":""2024-04-30T13:06:37Z"",""scheduled"":""2024-04-30T13:06:00Z""},""departure"":{""estimated"":""2024-04-30T13:06:37Z"",""scheduled"":""2024-04-30T13:11:00Z""},""diff"":""goo"",""diffMin"":0},{""station"":""Glencoe"",""code"":""GLNC"",""estimated"":""2024-04-30T13:41:11Z"",""scheduled"":""2024-04-30T13:39:00Z"",""eta"":""ARR"",""arrival"":{""estimated"":""2024-04-30T13:41:11Z"",""scheduled"":""2024-04-30T13:39:00Z""},""departure"":{""estimated"":""2024-04-30T13:41:11Z"",""scheduled"":""2024-04-30T13:40:00Z""},""diff"":""goo"",""diffMin"":2},{""station"":""Chatham"",""code"":""CHAT"",""estimated"":""2024-04-30T14:25:47Z"",""scheduled"":""2024-04-30T14:18:00Z"",""eta"":""ARR"",""arrival"":{""estimated"":""2024-04-30T14:25:47Z"",""scheduled"":""2024-04-30T14:18:00Z""},""departure"":{""estimated"":""2024-04-30T14:25:47Z"",""scheduled"":""2024-04-30T14:19:00Z""},""diff"":""med"",""diffMin"":7},{""station"":""Windsor"",""code"":""WDON"",""estimated"":""2024-04-30T15:08:18Z"",""scheduled"":""2024-04-30T15:08:00Z"",""eta"":""ARR"",""arrival"":{""estimated"":""2024-04-30T15:08:18Z"",""scheduled"":""2024-04-30T15:08:00Z""},""diff"":""goo"",""diffMin"":0}]"
"73",true,true,"TORONTO","WINDSOR","2024-04-30","[{""station"":""Toronto"",""code"":""TRTO"",""estimated"":""2024-04-30T15:30:00Z"",""scheduled"":""2024-04-30T15:30:00Z"",""eta"":""ARR"",""departure"":{""estimated"":""2024-04-30T15:30:00Z"",""scheduled"":""2024-04-30T15:30:00Z""},""diff"":""goo"",""diffMin"":0},{""station"":""Oakville"",""code"":""OAKV"",""estimated"":""2024-04-30T15:54:36Z"",""scheduled"":""2024-04-30T15:51:00Z"",""eta"":""ARR"",""arrival"":{""estimated"":""2024-04-30T15:54:36Z"",""scheduled"":""2024-04-30T15:51:00Z""},""departure"":{""estimated"":""2024-04-30T15:54:36Z"",""scheduled"":""2024-04-30T15:55:00Z""},""diff"":""goo"",""diffMin"":3},{""station"":""Aldershot"",""code"":""ALDR"",""estimated"":""2024-04-30T16:13:01Z"",""scheduled"":""2024-04-30T16:09:00Z"",""eta"":""ARR"",""arrival"":{""estimated"":""2024-04-30T16:13:01Z"",""scheduled"":""2024-04-30T16:09:00Z""},""departure"":{""estimated"":""2024-04-30T16:13:01Z"",""scheduled"":""2024-04-30T16:13:00Z""},""diff"":""goo"",""diffMin"":4},{""station"":""Brantford"",""code"":""BRTF"",""estimated"":""2024-04-30T16:52:26Z"",""scheduled"":""2024-04-30T16:40:00Z"",""eta"":""ARR"",""arrival"":{""estimated"":""2024-04-30T16:52:26Z"",""scheduled"":""2024-04-30T16:40:00Z""},""departure"":{""estimated"":""2024-04-30T16:52:26Z"",""scheduled"":""2024-04-30T16:42:00Z""},""diff"":""med"",""diffMin"":12},{""station"":""Woodstock"",""code"":""WDST"",""estimated"":""2024-04-30T17:25:36Z"",""scheduled"":""2024-04-30T17:09:00Z"",""eta"":""ARR"",""arrival"":{""estimated"":""2024-04-30T17:25:36Z"",""scheduled"":""2024-04-30T17:09:00Z""},""departure"":{""estimated"":""2024-04-30T17:25:36Z"",""scheduled"":""2024-04-30T17:10:00Z""},""diff"":""bad"",""diffMin"":16},{""station"":""London"",""code"":""LNDN"",""estimated"":""2024-04-30T17:59:51Z"",""scheduled"":""2024-04-30T17:38:00Z"",""eta"":""ARR"",""arrival"":{""estimated"":""2024-04-30T17:59:51Z"",""scheduled"":""2024-04-30T17:38:00Z""},""departure"":{""estimated"":""2024-04-30T17:59:51Z"",""scheduled"":""2024-04-30T17:45:00Z""},""diff"":""bad"",""diffMin"":21},{""station"":""Chatham"",""code"":""CHAT"",""estimated"":""2024-04-30T19:09:17Z"",""scheduled"":""2024-04-30T18:50:00Z"",""eta"":""ARR"",""arrival"":{""estimated"":""2024-04-30T19:09:17Z"",""scheduled"":""2024-04-30T18:50:00Z""},""departure"":{""estimated"":""2024-04-30T19:09:17Z"",""scheduled"":""2024-04-30T18:54:00Z""},""diff"":""bad"",""diffMin"":19},{""station"":""Windsor"",""code"":""WDON"",""estimated"":""2024-04-30T19:55:50Z"",""scheduled"":""2024-04-30T19:45:00Z"",""eta"":""ARR"",""arrival"":{""estimated"":""2024-04-30T19:55:50Z"",""scheduled"":""2024-04-30T19:45:00Z""},""diff"":""med"",""diffMin"":10}]"
"47",true,true,"OTTAWA","TORONTO","2024-04-30","[{""station"":""Ottawa"",""code"":""OTTW"",""estimated"":""2024-04-30T16:23:00Z"",""scheduled"":""2024-04-30T16:23:00Z"",""eta"":""ARR"",""departure"":{""estimated"":""2024-04-30T16:23:00Z"",""scheduled"":""2024-04-30T16:23:00Z""},""diff"":""goo"",""diffMin"":0},{""station"":""Fallowfield"",""code"":""FALL"",""estimated"":""2024-04-30T16:38:48Z"",""scheduled"":""2024-04-30T16:40:00Z"",""eta"":""ARR"",""arrival"":{""estimated"":""2024-04-30T16:38:48Z"",""scheduled"":""2024-04-30T16:40:00Z""},""departure"":{""estimated"":""2024-04-30T16:43:09Z"",""scheduled"":""2024-04-30T16:44:00Z""},""diff"":""goo"",""diffMin"":-1},{""station"":""Smiths Falls"",""code"":""SMTF"",""estimated"":""2024-04-30T17:16:47Z"",""scheduled"":""2024-04-30T17:16:00Z"",""eta"":""ARR"",""arrival"":{""estimated"":""2024-04-30T17:16:47Z"",""scheduled"":""2024-04-30T17:16:00Z""},""departure"":{""estimated"":""2024-04-30T17:16:47Z"",""scheduled"":""2024-04-30T17:18:00Z""},""diff"":""goo"",""diffMin"":0},{""station"":""Brockville"",""code"":""BRKV"",""estimated"":""2024-04-30T17:56:43Z"",""scheduled"":""2024-04-30T17:52:00Z"",""eta"":""ARR"",""arrival"":{""estimated"":""2024-04-30T17:56:43Z"",""scheduled"":""2024-04-30T17:52:00Z""},""departure"":{""estimated"":""2024-04-30T17:56:43Z"",""scheduled"":""2024-04-30T17:55:00Z""},""diff"":""goo"",""diffMin"":4},{""station"":""Gananoque"",""code"":""GANA"",""estimated"":""2024-04-30T18:25:19Z"",""scheduled"":""2024-04-30T18:19:00Z"",""eta"":""ARR"",""arrival"":{""estimated"":""2024-04-30T18:25:19Z"",""scheduled"":""2024-04-30T18:19:00Z""},""departure"":{""estimated"":""2024-04-30T18:25:19Z"",""scheduled"":""2024-04-30T18:21:00Z""},""diff"":""med"",""diffMin"":6},{""station"":""Kingston"",""code"":""KGON"",""estimated"":""2024-04-30T18:44:46Z"",""scheduled"":""2024-04-30T18:41:00Z"",""eta"":""ARR"",""arrival"":{""estimated"":""2024-04-30T18:44:46Z"",""scheduled"":""2024-04-30T18:41:00Z""},""departure"":{""estimated"":""2024-04-30T18:44:46Z"",""scheduled"":""2024-04-30T18:45:00Z""},""diff"":""goo"",""diffMin"":3},{""station"":""Belleville"",""code"":""BLVL"",""estimated"":""2024-04-30T19:21:45Z"",""scheduled"":""2024-04-30T19:25:00Z"",""eta"":""ARR"",""arrival"":{""estimated"":""2024-04-30T19:21:45Z"",""scheduled"":""2024-04-30T19:25:00Z""},""departure"":{""estimated"":""2024-04-30T19:27:03Z"",""scheduled"":""2024-04-30T19:28:00Z""},""diff"":""goo"",""diffMin"":-3},{""station"":""Oshawa"",""code"":""OSHA"",""estimated"":""2024-04-30T20:29:51Z"",""scheduled"":""2024-04-30T20:37:00Z"",""eta"":""ARR"",""arrival"":{""estimated"":""2024-04-30T20:29:51Z"",""scheduled"":""2024-04-30T20:37:00Z""},""departure"":{""estimated"":""2024-04-30T20:31:13Z"",""scheduled"":""2024-04-30T20:40:00Z""},""diff"":""goo"",""diffMin"":-7},{""station"":""Guildwood"",""code"":""GUIL"",""estimated"":""2024-04-30T20:48:51Z"",""scheduled"":""2024-04-30T20:57:00Z"",""eta"":""ARR"",""arrival"":{""estimated"":""2024-04-30T20:48:51Z"",""scheduled"":""2024-04-30T20:57:00Z""},""departure"":{""estimated"":""2024-04-30T20:50:33Z"",""scheduled"":""2024-04-30T21:00:00Z""},""diff"":""goo"",""diffMin"":-8},{""station"":""Toronto"",""code"":""TRTO"",""estimated"":""2024-04-30T21:13:52Z"",""scheduled"":""2024-04-30T21:18:00Z"",""eta"":""ARR"",""arrival"":{""estimated"":""2024-04-30T21:13:52Z"",""scheduled"":""2024-04-30T21:18:00Z""},""diff"":""goo"",""diffMin"":-4}]"
"61",true,true,"MONTRÉAL","TORONTO","2024-04-30","[{""station"":""Montréal"",""code"":""MTRL"",""estimated"":""2024-04-30T10:50:00Z"",""scheduled"":""2024-04-30T10:50:00Z"",""eta"":""ARR"",""departure"":{""estimated"":""2024-04-30T10:50:00Z"",""scheduled"":""2024-04-30T10:50:00Z""},""diff"":""goo"",""diffMin"":0},{""station"":""Dorval"",""code"":""DORV"",""estimated"":""2024-04-30T11:12:13Z"",""scheduled"":""2024-04-30T11:13:00Z"",""eta"":""ARR"",""arrival"":{""estimated"":""2024-04-30T11:12:13Z"",""scheduled"":""2024-04-30T11:13:00Z""},""departure"":{""estimated"":""2024-04-30T11:17:21Z"",""scheduled"":""2024-04-30T11:18:00Z""},""diff"":""goo"",""diffMin"":0},{""station"":""Cornwall"",""code"":""CWLL"",""estimated"":""2024-04-30T12:09:41Z"",""scheduled"":""2024-04-30T12:07:00Z"",""eta"":""ARR"",""arrival"":{""estimated"":""2024-04-30T12:09:41Z"",""scheduled"":""2024-04-30T12:07:00Z""},""departure"":{""estimated"":""2024-04-30T12:09:41Z"",""scheduled"":""2024-04-30T12:09:00Z""},""diff"":""goo"",""diffMin"":2},{""station"":""Kingston"",""code"":""KGON"",""estimated"":""2024-04-30T13:57:09Z"",""scheduled"":""2024-04-30T13:35:00Z"",""eta"":""ARR"",""arrival"":{""estimated"":""2024-04-30T13:57:09Z"",""scheduled"":""2024-04-30T13:35:00Z""},""departure"":{""estimated"":""2024-04-30T13:57:09Z"",""scheduled"":""2024-04-30T13:38:00Z""},""diff"":""bad"",""diffMin"":22},{""station"":""Belleville"",""code"":""BLVL"",""estimated"":""2024-04-30T14:36:58Z"",""scheduled"":""2024-04-30T14:15:00Z"",""eta"":""ARR"",""arrival"":{""estimated"":""2024-04-30T14:36:58Z"",""scheduled"":""2024-04-30T14:15:00Z""},""departure"":{""estimated"":""2024-04-30T14:36:58Z"",""scheduled"":""2024-04-30T14:16:00Z""},""diff"":""bad"",""diffMin"":21},{""station"":""Oshawa"",""code"":""OSHA"",""estimated"":""2024-04-30T15:39:05Z"",""scheduled"":""2024-04-30T15:23:00Z"",""eta"":""ARR"",""arrival"":{""estimated"":""2024-04-30T15:39:05Z"",""scheduled"":""2024-04-30T15:23:00Z""},""departure"":{""estimated"":""2024-04-30T15:39:05Z"",""scheduled"":""2024-04-30T15:25:00Z""},""diff"":""bad"",""diffMin"":16},{""station"":""Guildwood"",""code"":""GUIL"",""estimated"":""2024-04-30T16:00:32Z"",""scheduled"":""2024-04-30T15:44:00Z"",""eta"":""ARR"",""arrival"":{""estimated"":""2024-04-30T16:00:32Z"",""scheduled"":""2024-04-30T15:44:00Z""},""departure"":{""estimated"":""2024-04-30T16:00:32Z"",""scheduled"":""2024-04-30T15:45:00Z""},""diff"":""bad"",""diffMin"":16},{""station"":""Toronto"",""code"":""TRTO"",""estimated"":""2024-04-30T16:19:05Z"",""scheduled"":""2024-04-30T16:03:00Z"",""eta"":""ARR"",""arrival"":{""estimated"":""2024-04-30T16:19:05Z"",""scheduled"":""2024-04-30T16:03:00Z""},""diff"":""bad"",""diffMin"":16}]"
"41",true,true,"OTTAWA","TORONTO","2024-04-30","[{""station"":""Ottawa"",""code"":""OTTW"",""estimated"":""2024-04-30T09:30:00Z"",""scheduled"":""2024-04-30T09:30:00Z"",""eta"":""ARR"",""departure"":{""estimated"":""2024-04-30T09:30:00Z"",""scheduled"":""2024-04-30T09:30:00Z""},""diff"":""goo"",""diffMin"":0},{""station"":""Fallowfield"",""code"":""FALL"",""estimated"":""2024-04-30T09:47:16Z"",""scheduled"":""2024-04-30T09:49:00Z"",""eta"":""ARR"",""arrival"":{""estimated"":""2024-04-30T09:47:16Z"",""scheduled"":""2024-04-30T09:49:00Z""},""departure"":{""estimated"":""2024-04-30T09:54:06Z"",""scheduled"":""2024-04-30T09:55:00Z""},""diff"":""goo"",""diffMin"":-1},{""station"":""Smiths Falls"",""code"":""SMTF"",""estimated"":""2024-04-30T10:21:05Z"",""scheduled"":""2024-04-30T10:21:00Z"",""eta"":""ARR"",""arrival"":{""estimated"":""2024-04-30T10:21:05Z"",""scheduled"":""2024-04-30T10:21:00Z""},""departure"":{""estimated"":""2024-04-30T10:21:05Z"",""scheduled"":""2024-04-30T10:22:00Z""},""diff"":""goo"",""diffMin"":0},{""station"":""Brockville"",""code"":""BRKV"",""estimated"":""2024-04-30T11:10:25Z"",""scheduled"":""2024-04-30T10:49:00Z"",""eta"":""ARR"",""arrival"":{""estimated"":""2024-04-30T11:10:25Z"",""scheduled"":""2024-04-30T10:49:00Z""},""departure"":{""estimated"":""2024-04-30T11:10:25Z"",""scheduled"":""2024-04-30T10:51:00Z""},""diff"":""bad"",""diffMin"":21},{""station"":""Kingston"",""code"":""KGON"",""estimated"":""2024-04-30T12:05:06Z"",""scheduled"":""2024-04-30T11:31:00Z"",""eta"":""ARR"",""arrival"":{""estimated"":""2024-04-30T12:05:06Z"",""scheduled"":""2024-04-30T11:31:00Z""},""departure"":{""estimated"":""2024-04-30T12:05:06Z"",""scheduled"":""2024-04-30T11:34:00Z""},""diff"":""bad"",""diffMin"":34},{""station"":""Belleville"",""code"":""BLVL"",""estimated"":""2024-04-30T12:43:31Z"",""scheduled"":""2024-04-30T12:13:00Z"",""eta"":""ARR"",""arrival"":{""estimated"":""2024-04-30T12:43:31Z"",""scheduled"":""2024-04-30T12:13:00Z""},""departure"":{""estimated"":""2024-04-30T12:43:31Z"",""scheduled"":""2024-04-30T12:16:00Z""},""diff"":""bad"",""diffMin"":30},{""station"":""Cobourg"",""code"":""CBRG"",""estimated"":""2024-04-30T13:18:49Z"",""scheduled"":""2024-04-30T12:48:00Z"",""eta"":""ARR"",""arrival"":{""estimated"":""2024-04-30T13:18:49Z"",""scheduled"":""2024-04-30T12:48:00Z""},""departure"":{""estimated"":""2024-04-30T13:18:49Z"",""scheduled"":""2024-04-30T12:51:00Z""},""diff"":""bad"",""diffMin"":30},{""station"":""Oshawa"",""code"":""OSHA"",""estimated"":""2024-04-30T13:52:59Z"",""scheduled"":""2024-04-30T13:25:00Z"",""eta"":""ARR"",""arrival"":{""estimated"":""2024-04-30T13:52:59Z"",""scheduled"":""2024-04-30T13:25:00Z""},""departure"":{""estimated"":""2024-04-30T13:52:59Z"",""scheduled"":""2024-04-30T13:27:00Z""},""diff"":""bad"",""diffMin"":27},{""station"":""Toronto"",""code"":""TRTO"",""estimated"":""2024-04-30T14:38:05Z"",""scheduled"":""2024-04-30T14:02:00Z"",""eta"":""ARR"",""arrival"":{""estimated"":""2024-04-30T14:38:05Z"",""scheduled"":""2024-04-30T14:02:00Z""},""diff"":""bad"",""diffMin"":36}]"
"50",true,true,"TORONTO","OTTAWA","2024-04-30","[{""station"":""Toronto"",""code"":""TRTO"",""estimated"":""2024-04-30T10:47:00Z"",""scheduled"":""2024-04-30T10:47:00Z"",""eta"":""ARR"",""departure"":{""estimated"":""2024-04-30T10:47:00Z"",""scheduled"":""2024-04-30T10:47:00Z""},""diff"":""goo"",""diffMin"":0},{""station"":""Guildwood"",""code"":""GUIL"",""estimated"":""2024-04-30T11:07:31Z"",""scheduled"":""2024-04-30T11:04:00Z"",""eta"":""ARR"",""arrival"":{""estimated"":""2024-04-30T11:07:31Z"",""scheduled"":""2024-04-30T11:04:00Z""},""departure"":{""estimated"":""2024-04-30T11:07:31Z"",""scheduled"":""2024-04-30T11:07:00Z""},""diff"":""goo"",""diffMin"":3},{""station"":""Oshawa"",""code"":""OSHA"",""estimated"":""2024-04-30T11:29:00Z"",""scheduled"":""2024-04-30T11:22:00Z"",""eta"":""ARR"",""arrival"":{""estimated"":""2024-04-30T11:29:00Z"",""scheduled"":""2024-04-30T11:22:00Z""},""departure"":{""estimated"":""2024-04-30T11:29:00Z"",""scheduled"":""2024-04-30T11:26:00Z""},""diff"":""med"",""diffMin"":7},{""station"":""Cobourg"",""code"":""CBRG"",""estimated"":""2024-04-30T12:04:52Z"",""scheduled"":""2024-04-30T11:58:00Z"",""eta"":""ARR"",""arrival"":{""estimated"":""2024-04-30T12:04:52Z"",""scheduled"":""2024-04-30T11:58:00Z""},""departure"":{""estimated"":""2024-04-30T12:04:52Z"",""scheduled"":""2024-04-30T12:01:00Z""},""diff"":""med"",""diffMin"":6},{""station"":""Belleville"",""code"":""BLVL"",""estimated"":""2024-04-30T12:39:10Z"",""scheduled"":""2024-04-30T12:33:00Z"",""eta"":""ARR"",""arrival"":{""estimated"":""2024-04-30T12:39:10Z"",""scheduled"":""2024-04-30T12:33:00Z""},""departure"":{""estimated"":""2024-04-30T12:39:10Z"",""scheduled"":""2024-04-30T12:36:00Z""},""diff"":""med"",""diffMin"":6},{""station"":""Kingston"",""code"":""KGON"",""estimated"":""2024-04-30T13:19:01Z"",""scheduled"":""2024-04-30T13:14:00Z"",""eta"":""ARR"",""arrival"":{""estimated"":""2024-04-30T13:19:01Z"",""scheduled"":""2024-04-30T13:14:00Z""},""departure"":{""estimated"":""2024-04-30T13:19:01Z"",""scheduled"":""2024-04-30T13:18:00Z""},""diff"":""med"",""diffMin"":5},{""station"":""Brockville"",""code"":""BRKV"",""estimated"":""2024-04-30T14:26:27Z"",""scheduled"":""2024-04-30T14:13:00Z"",""eta"":""ARR"",""arrival"":{""estimated"":""2024-04-30T14:26:27Z"",""scheduled"":""2024-04-30T14:13:00Z""},""departure"":{""estimated"":""2024-04-30T14:26:27Z"",""scheduled"":""2024-04-30T14:15:00Z""},""diff"":""med"",""diffMin"":13},{""station"":""Smiths Falls"",""code"":""SMTF"",""estimated"":""2024-04-30T14:54:33Z"",""scheduled"":""2024-04-30T14:44:00Z"",""eta"":""ARR"",""arrival"":{""estimated"":""2024-04-30T14:54:33Z"",""scheduled"":""2024-04-30T14:44:00Z""},""departure"":{""estimated"":""2024-04-30T14:54:33Z"",""scheduled"":""2024-04-30T14:46:00Z""},""diff"":""med"",""diffMin"":10},{""station"":""Fallowfield"",""code"":""FALL"",""estimated"":""2024-04-30T15:25:00Z"",""scheduled"":""2024-04-30T15:16:00Z"",""eta"":""ARR"",""arrival"":{""estimated"":""2024-04-30T15:25:00Z"",""scheduled"":""2024-04-30T15:16:00Z""},""departure"":{""estimated"":""2024-04-30T15:25:00Z"",""scheduled"":""2024-04-30T15:19:00Z""},""diff"":""med"",""diffMin"":9},{""station"":""Ottawa"",""code"":""OTTW"",""estimated"":""2024-04-30T15:45:01Z"",""scheduled"":""2024-04-30T15:36:00Z"",""eta"":""ARR"",""arrival"":{""estimated"":""2024-04-30T15:45:01Z"",""scheduled"":""2024-04-30T15:36:00Z""},""diff"":""med"",""diffMin"":9}]"
"60",true,true,"TORONTO","MONTRÉAL","2024-04-30","[{""station"":""Toronto"",""code"":""TRTO"",""estimated"":""2024-04-30T10:47:00Z"",""scheduled"":""2024-04-30T10:47:00Z"",""eta"":""ARR"",""departure"":{""estimated"":""2024-04-30T10:47:00Z"",""scheduled"":""2024-04-30T10:47:00Z""},""diff"":""goo"",""diffMin"":0},{""station"":""Guildwood"",""code"":""GUIL"",""estimated"":""2024-04-30T11:07:19Z"",""scheduled"":""2024-04-30T11:04:00Z"",""eta"":""ARR"",""arrival"":{""estimated"":""2024-04-30T11:07:19Z"",""scheduled"":""2024-04-30T11:04:00Z""},""departure"":{""estimated"":""2024-04-30T11:07:19Z"",""scheduled"":""2024-04-30T11:07:00Z""},""diff"":""goo"",""diffMin"":3},{""station"":""Oshawa"",""code"":""OSHA"",""estimated"":""2024-04-30T11:28:45Z"",""scheduled"":""2024-04-30T11:22:00Z"",""eta"":""ARR"",""arrival"":{""estimated"":""2024-04-30T11:28:45Z"",""scheduled"":""2024-04-30T11:22:00Z""},""departure"":{""estimated"":""2024-04-30T11:28:45Z"",""scheduled"":""2024-04-30T11:26:00Z""},""diff"":""med"",""diffMin"":6},{""station"":""Cobourg"",""code"":""CBRG"",""estimated"":""2024-04-30T12:04:34Z"",""scheduled"":""2024-04-30T11:58:00Z"",""eta"":""ARR"",""arrival"":{""estimated"":""2024-04-30T12:04:34Z"",""scheduled"":""2024-04-30T11:58:00Z""},""departure"":{""estimated"":""2024-04-30T12:04:34Z"",""scheduled"":""2024-04-30T12:01:00Z""},""diff"":""med"",""diffMin"":6},{""station"":""Belleville"",""code"":""BLVL"",""estimated"":""2024-04-30T12:38:44Z"",""scheduled"":""2024-04-30T12:33:00Z"",""eta"":""ARR"",""arrival"":{""estimated"":""2024-04-30T12:38:44Z"",""scheduled"":""2024-04-30T12:33:00Z""},""departure"":{""estimated"":""2024-04-30T12:38:44Z"",""scheduled"":""2024-04-30T12:36:00Z""},""diff"":""med"",""diffMin"":5},{""station"":""Kingston"",""code"":""KGON"",""estimated"":""2024-04-30T13:18:42Z"",""scheduled"":""2024-04-30T13:14:00Z"",""eta"":""ARR"",""arrival"":{""estimated"":""2024-04-30T13:18:42Z"",""scheduled"":""2024-04-30T13:14:00Z""},""departure"":{""estimated"":""2024-04-30T13:18:42Z"",""scheduled"":""2024-04-30T13:18:00Z""},""diff"":""goo"",""diffMin"":4},{""station"":""Cornwall"",""code"":""CWLL"",""estimated"":""2024-04-30T15:05:50Z"",""scheduled"":""2024-04-30T14:55:00Z"",""eta"":""ARR"",""arrival"":{""estimated"":""2024-04-30T15:05:50Z"",""scheduled"":""2024-04-30T14:55:00Z""},""departure"":{""estimated"":""2024-04-30T15:05:50Z"",""scheduled"":""2024-04-30T14:57:00Z""},""diff"":""med"",""diffMin"":10},{""station"":""Dorval"",""code"":""DORV"",""estimated"":""2024-04-30T16:10:15Z"",""scheduled"":""2024-04-30T15:43:00Z"",""eta"":""ARR"",""arrival"":{""estimated"":""2024-04-30T16:10:15Z"",""scheduled"":""2024-04-30T15:43:00Z""},""departure"":{""estimated"":""2024-04-30T16:10:15Z"",""scheduled"":""2024-04-30T15:46:00Z""},""diff"":""bad"",""diffMin"":27},{""station"":""Montréal"",""code"":""MTRL"",""estimated"":""2024-04-30T16:41:41Z"",""scheduled"":""2024-04-30T16:05:00Z"",""eta"":""ARR"",""arrival"":{""estimated"":""2024-04-30T16:41:41Z"",""scheduled"":""2024-04-30T16:05:00Z""},""diff"":""bad"",""diffMin"":36}]"
"72",true,true,"WINDSOR","TORONTO","2024-04-30","[{""station"":""Windsor"",""code"":""WDON"",""estimated"":""2024-04-30T12:43:00Z"",""scheduled"":""2024-04-30T12:43:00Z"",""eta"":""ARR"",""departure"":{""estimated"":""2024-04-30T12:43:00Z"",""scheduled"":""2024-04-30T12:43:00Z""},""diff"":""goo"",""diffMin"":0},{""station"":""Chatham"",""code"":""CHAT"",""estimated"":""2024-04-30T13:23:58Z"",""scheduled"":""2024-04-30T13:25:00Z"",""eta"":""ARR"",""arrival"":{""estimated"":""2024-04-30T13:23:58Z"",""scheduled"":""2024-04-30T13:25:00Z""},""departure"":{""estimated"":""2024-04-30T13:28:03Z"",""scheduled"":""2024-04-30T13:28:00Z""},""diff"":""goo"",""diffMin"":-1},{""station"":""Glencoe"",""code"":""GLNC"",""estimated"":""2024-04-30T14:00:06Z"",""scheduled"":""2024-04-30T14:04:00Z"",""eta"":""ARR"",""arrival"":{""estimated"":""2024-04-30T14:00:06Z"",""scheduled"":""2024-04-30T14:04:00Z""},""departure"":{""estimated"":""2024-04-30T13:59:23Z"",""scheduled"":""2024-04-30T14:05:00Z""},""diff"":""goo"",""diffMin"":-3},{""station"":""London"",""code"":""LNDN"",""estimated"":""2024-04-30T14:32:28Z"",""scheduled"":""2024-04-30T14:38:00Z"",""eta"":""ARR"",""arrival"":{""estimated"":""2024-04-30T14:32:28Z"",""scheduled"":""2024-04-30T14:38:00Z""},""departure"":{""estimated"":""2024-04-30T14:44:13Z"",""scheduled"":""2024-04-30T14:44:00Z""},""diff"":""goo"",""diffMin"":-5},{""station"":""Ingersoll"",""code"":""INGR"",""estimated"":""2024-04-30T15:06:16Z"",""scheduled"":""2024-04-30T15:04:00Z"",""eta"":""ARR"",""arrival"":{""estimated"":""2024-04-30T15:06:16Z"",""scheduled"":""2024-04-30T15:04:00Z""},""departure"":{""estimated"":""2024-04-30T15:06:16Z"",""scheduled"":""2024-04-30T15:05:00Z""},""diff"":""goo"",""diffMin"":2},{""station"":""Woodstock"",""code"":""WDST"",""estimated"":""2024-04-30T15:17:01Z"",""scheduled"":""2024-04-30T15:20:00Z"",""eta"":""ARR"",""arrival"":{""estimated"":""2024-04-30T15:17:01Z"",""scheduled"":""2024-04-30T15:20:00Z""},""departure"":{""estimated"":""2024-04-30T15:22:23Z"",""scheduled"":""2024-04-30T15:23:00Z""},""diff"":""goo"",""diffMin"":-2},{""station"":""Brantford"",""code"":""BRTF"",""estimated"":""2024-04-30T15:53:34Z"",""scheduled"":""2024-04-30T15:52:00Z"",""eta"":""ARR"",""arrival"":{""estimated"":""2024-04-30T15:53:34Z"",""scheduled"":""2024-04-30T15:52:00Z""},""departure"":{""estimated"":""2024-04-30T15:53:34Z"",""scheduled"":""2024-04-30T15:54:00Z""},""diff"":""goo"",""diffMin"":1},{""station"":""Aldershot"",""code"":""ALDR"",""estimated"":""2024-04-30T16:22:30Z"",""scheduled"":""2024-04-30T16:25:00Z"",""eta"":""ARR"",""arrival"":{""estimated"":""2024-04-30T16:22:30Z"",""scheduled"":""2024-04-30T16:25:00Z""},""departure"":{""estimated"":""2024-04-30T16:25:03Z"",""scheduled"":""2024-04-30T16:26:00Z""},""diff"":""goo"",""diffMin"":-2},{""station"":""Oakville"",""code"":""OAKV"",""estimated"":""2024-04-30T16:38:53Z"",""scheduled"":""2024-04-30T16:39:00Z"",""eta"":""ARR"",""arrival"":{""estimated"":""2024-04-30T16:38:53Z"",""scheduled"":""2024-04-30T16:39:00Z""},""departure"":{""estimated"":""2024-04-30T16:40:03Z"",""scheduled"":""2024-04-30T16:41:00Z""},""diff"":""goo"",""diffMin"":0},{""station"":""Toronto"",""code"":""TRTO"",""estimated"":""2024-04-30T17:07:55Z"",""scheduled"":""2024-04-30T17:05:00Z"",""eta"":""ARR"",""arrival"":{""estimated"":""2024-04-30T17:07:55Z"",""scheduled"":""2024-04-30T17:05:00Z""},""diff"":""goo"",""diffMin"":2}]"
"70",true,true,"WINDSOR","TORONTO","2024-04-30","[{""station"":""Windsor"",""code"":""WDON"",""estimated"":""2024-04-30T09:40:00Z"",""scheduled"":""2024-04-30T09:40:00Z"",""eta"":""ARR"",""departure"":{""estimated"":""2024-04-30T09:40:00Z"",""scheduled"":""2024-04-30T09:40:00Z""},""diff"":""goo"",""diffMin"":0},{""station"":""Chatham"",""code"":""CHAT"",""estimated"":""2024-04-30T10:21:40Z"",""scheduled"":""2024-04-30T10:24:00Z"",""eta"":""ARR"",""arrival"":{""estimated"":""2024-04-30T10:21:40Z"",""scheduled"":""2024-04-30T10:24:00Z""},""departure"":{""estimated"":""2024-04-30T10:27:48Z"",""scheduled"":""2024-04-30T10:28:00Z""},""diff"":""goo"",""diffMin"":-2},{""station"":""London"",""code"":""LNDN"",""estimated"":""2024-04-30T11:29:18Z"",""scheduled"":""2024-04-30T11:30:00Z"",""eta"":""ARR"",""arrival"":{""estimated"":""2024-04-30T11:29:18Z"",""scheduled"":""2024-04-30T11:30:00Z""},""departure"":{""estimated"":""2024-04-30T11:39:39Z"",""scheduled"":""2024-04-30T11:40:00Z""},""diff"":""goo"",""diffMin"":0},{""station"":""Ingersoll"",""code"":""INGR"",""estimated"":""2024-04-30T12:02:33Z"",""scheduled"":""2024-04-30T12:00:00Z"",""eta"":""ARR"",""arrival"":{""estimated"":""2024-04-30T12:02:33Z"",""scheduled"":""2024-04-30T12:00:00Z""},""departure"":{""estimated"":""2024-04-30T12:02:33Z"",""scheduled"":""2024-04-30T12:02:00Z""},""diff"":""goo"",""diffMin"":2},{""station"":""Woodstock"",""code"":""WDST"",""estimated"":""2024-04-30T12:14:39Z"",""scheduled"":""2024-04-30T12:13:00Z"",""eta"":""ARR"",""arrival"":{""estimated"":""2024-04-30T12:14:39Z"",""scheduled"":""2024-04-30T12:13:00Z""},""departure"":{""estimated"":""2024-04-30T12:14:39Z"",""scheduled"":""2024-04-30T12:17:00Z""},""diff"":""goo"",""diffMin"":1},{""station"":""Brantford"",""code"":""BRTF"",""estimated"":""2024-04-30T12:50:29Z"",""scheduled"":""2024-04-30T12:49:00Z"",""eta"":""ARR"",""arrival"":{""estimated"":""2024-04-30T12:50:29Z"",""scheduled"":""2024-04-30T12:49:00Z""},""departure"":{""estimated"":""2024-04-30T12:50:29Z"",""scheduled"":""2024-04-30T12:51:00Z""},""diff"":""goo"",""diffMin"":1},{""station"":""Aldershot"",""code"":""ALDR"",""estimated"":""2024-04-30T13:21:38Z"",""scheduled"":""2024-04-30T13:28:00Z"",""eta"":""ARR"",""arrival"":{""estimated"":""2024-04-30T13:21:38Z"",""scheduled"":""2024-04-30T13:28:00Z""},""departure"":{""estimated"":""2024-04-30T13:30:00Z"",""scheduled"":""2024-04-30T13:31:00Z""},""diff"":""goo"",""diffMin"":-6},{""station"":""Oakville"",""code"":""OAKV"",""estimated"":""2024-04-30T13:45:47Z"",""scheduled"":""2024-04-30T13:43:00Z"",""eta"":""ARR"",""arrival"":{""estimated"":""2024-04-30T13:45:47Z"",""scheduled"":""2024-04-30T13:43:00Z""},""departure"":{""estimated"":""2024-04-30T13:45:47Z"",""scheduled"":""2024-04-30T13:46:00Z""},""diff"":""goo"",""diffMin"":2},{""station"":""Toronto"",""code"":""TRTO"",""estimated"":""2024-04-30T14:10:19Z"",""scheduled"":""2024-04-30T14:10:00Z"",""eta"":""ARR"",""arrival"":{""estimated"":""2024-04-30T14:10:19Z"",""scheduled"":""2024-04-30T14:10:00Z""},""diff"":""goo"",""diffMin"":0}]"
"65",true,true,"MONTRÉAL","TORONTO","2024-04-30","[{""station"":""Montréal"",""code"":""MTRL"",""estimated"":""2024-04-30T15:00:00Z"",""scheduled"":""2024-04-30T15:00:00Z"",""eta"":""ARR"",""departure"":{""estimated"":""2024-04-30T15:00:00Z"",""scheduled"":""2024-04-30T15:00:00Z""},""diff"":""goo"",""diffMin"":0},{""station"":""Dorval"",""code"":""DORV"",""estimated"":""2024-04-30T15:22:14Z"",""scheduled"":""2024-04-30T15:22:00Z"",""eta"":""ARR"",""arrival"":{""estimated"":""2024-04-30T15:22:14Z"",""scheduled"":""2024-04-30T15:22:00Z""},""departure"":{""estimated"":""2024-04-30T15:22:14Z"",""scheduled"":""2024-04-30T15:26:00Z""},""diff"":""goo"",""diffMin"":0},{""station"":""Cornwall"",""code"":""CWLL"",""estimated"":""2024-04-30T16:14:50Z"",""scheduled"":""2024-04-30T16:14:00Z"",""eta"":""ARR"",""arrival"":{""estimated"":""2024-04-30T16:14:50Z"",""scheduled"":""2024-04-30T16:14:00Z""},""departure"":{""estimated"":""2024-04-30T16:14:50Z"",""scheduled"":""2024-04-30T16:17:00Z""},""diff"":""goo"",""diffMin"":0},{""station"":""Kingston"",""code"":""KGON"",""estimated"":""2024-04-30T17:44:46Z"",""scheduled"":""2024-04-30T17:41:00Z"",""eta"":""ARR"",""arrival"":{""estimated"":""2024-04-30T17:44:46Z"",""scheduled"":""2024-04-30T17:41:00Z""},""departure"":{""estimated"":""2024-04-30T17:44:46Z"",""scheduled"":""2024-04-30T17:45:00Z""},""diff"":""goo"",""diffMin"":3},{""station"":""Belleville"",""code"":""BLVL"",""estimated"":""2024-04-30T18:23:59Z"",""scheduled"":""2024-04-30T18:25:00Z"",""eta"":""ARR"",""arrival"":{""estimated"":""2024-04-30T18:23:59Z"",""scheduled"":""2024-04-30T18:25:00Z""},""departure"":{""estimated"":""2024-04-30T18:25:29Z"",""scheduled"":""2024-04-30T18:27:00Z""},""diff"":""goo"",""diffMin"":-1},{""station"":""Cobourg"",""code"":""CBRG"",""estimated"":""2024-04-30T18:59:45Z"",""scheduled"":""2024-04-30T19:02:00Z"",""eta"":""ARR"",""arrival"":{""estimated"":""2024-04-30T18:59:45Z"",""scheduled"":""2024-04-30T19:02:00Z""},""departure"":{""estimated"":""2024-04-30T19:01:19Z"",""scheduled"":""2024-04-30T19:04:00Z""},""diff"":""goo"",""diffMin"":-2},{""station"":""Oshawa"",""code"":""OSHA"",""estimated"":""2024-04-30T19:38:09Z"",""scheduled"":""2024-04-30T19:37:00Z"",""eta"":""ARR"",""arrival"":{""estimated"":""2024-04-30T19:38:09Z"",""scheduled"":""2024-04-30T19:37:00Z""},""departure"":{""estimated"":""2024-04-30T19:38:09Z"",""scheduled"":""2024-04-30T19:39:00Z""},""diff"":""goo"",""diffMin"":1},{""station"":""Guildwood"",""code"":""GUIL"",""estimated"":""2024-04-30T19:59:39Z"",""scheduled"":""2024-04-30T19:58:00Z"",""eta"":""ARR"",""arrival"":{""estimated"":""2024-04-30T19:59:39Z"",""scheduled"":""2024-04-30T19:58:00Z""},""departure"":{""estimated"":""2024-04-30T19:59:39Z"",""scheduled"":""2024-04-30T20:00:00Z""},""diff"":""goo"",""diffMin"":1},{""station"":""Toronto"",""code"":""TRTO"",""estimated"":""2024-04-30T20:18:18Z"",""scheduled"":""2024-04-30T20:18:00Z"",""eta"":""ARR"",""arrival"":{""estimated"":""2024-04-30T20:18:18Z"",""scheduled"":""2024-04-30T20:18:00Z""},""diff"":""goo"",""diffMin"":0}]"
"600",true,true,"JONQUIÈRE","MONTRÉAL","2024-04-30","[{""station"":""Jonquière"",""code"":""JONQ"",""estimated"":""2024-04-30T12:58:00Z"",""scheduled"":""2024-04-30T12:58:00Z"",""eta"":""ARR"",""departure"":{""estimated"":""2024-04-30T12:58:00Z"",""scheduled"":""2024-04-30T12:58:00Z""},""diff"":""goo"",""diffMin"":0},{""station"":""Hébertville"",""code"":""HEBV"",""estimated"":""2024-04-30T13:30:54Z"",""scheduled"":""2024-04-30T13:32:00Z"",""eta"":""ARR"",""arrival"":{""estimated"":""2024-04-30T13:30:54Z"",""scheduled"":""2024-04-30T13:32:00Z""},""departure"":{""estimated"":""2024-04-30T13:30:29Z"",""scheduled"":""2024-04-30T13:33:02Z""},""diff"":""goo"",""diffMin"":-1},{""station"":""Chambord"",""code"":""CHBD"",""estimated"":""2024-04-30T14:07:32Z"",""scheduled"":""2024-04-30T14:09:00Z"",""eta"":""ARR"",""arrival"":{""estimated"":""2024-04-30T14:07:32Z"",""scheduled"":""2024-04-30T14:09:00Z""},""departure"":{""estimated"":""2024-04-30T14:09:50Z"",""scheduled"":""2024-04-30T14:11:00Z""},""diff"":""goo"",""diffMin"":-1},{""station"":""Lac-Bouchette"",""code"":""LBOU"",""estimated"":""2024-04-30T15:21:32Z"",""scheduled"":""2024-04-30T14:47:00Z"",""eta"":""ARR"",""arrival"":{""estimated"":""2024-04-30T15:21:32Z"",""scheduled"":""2024-04-30T14:47:00Z""},""departure"":{""estimated"":""2024-04-30T15:21:32Z"",""scheduled"":""2024-04-30T14:48:02Z""},""diff"":""bad"",""diffMin"":34},{""station"":""Club Lizotte"",""code"":""LIZO"",""estimated"":""2024-04-30T15:42:32Z"",""scheduled"":""2024-04-30T15:12:00Z"",""eta"":""ARR"",""arrival"":{""estimated"":""2024-04-30T15:42:32Z"",""scheduled"":""2024-04-30T15:12:00Z""},""departure"":{""estimated"":""2024-04-30T15:42:32Z"",""scheduled"":""2024-04-30T15:12:02Z""},""diff"":""bad"",""diffMin"":30},{""station"":""Kondiaronk"",""code"":""KOND"",""estimated"":""2024-04-30T16:20:33Z"",""scheduled"":""2024-04-30T15:25:00Z"",""eta"":""ARR"",""arrival"":{""estimated"":""2024-04-30T16:20:33Z"",""scheduled"":""2024-04-30T15:25:00Z""},""departure"":{""estimated"":""2024-04-30T16:20:33Z"",""scheduled"":""2024-04-30T15:25:02Z""},""diff"":""bad"",""diffMin"":55},{""station"":""Lac Des Roches"",""code"":""LDES"",""estimated"":""2024-04-30T16:23:04Z"",""scheduled"":""2024-04-30T15:28:00Z"",""eta"":""ARR"",""arrival"":{""estimated"":""2024-04-30T16:23:04Z"",""scheduled"":""2024-04-30T15:28:00Z""},""departure"":{""estimated"":""2024-04-30T16:23:04Z"",""scheduled"":""2024-04-30T15:28:02Z""},""diff"":""bad"",""diffMin"":55},{""station"":""Van Bruyssel"",""code"":""VBRU"",""estimated"":""2024-04-30T16:33:04Z"",""scheduled"":""2024-04-30T15:38:00Z"",""eta"":""ARR"",""arrival"":{""estimated"":""2024-04-30T16:33:04Z"",""scheduled"":""2024-04-30T15:38:00Z""},""departure"":{""estimated"":""2024-04-30T16:33:04Z"",""scheduled"":""2024-04-30T15:38:02Z""},""diff"":""bad"",""diffMin"":55},{""station"":""Kiskissink"",""code"":""KISK"",""estimated"":""2024-04-30T16:34:18Z"",""scheduled"":""2024-04-30T15:39:14Z"",""eta"":""ARR"",""arrival"":{""estimated"":""2024-04-30T16:34:18Z"",""scheduled"":""2024-04-30T15:39:14Z""},""departure"":{""estimated"":""2024-04-30T16:34:18Z"",""scheduled"":""2024-04-30T15:39:15Z""},""diff"":""bad"",""diffMin"":55},{""station"":""Brooks"",""code"":""BRQU"",""estimated"":""2024-04-30T16:46:04Z"",""scheduled"":""2024-04-30T15:51:00Z"",""eta"":""ARR"",""arrival"":{""estimated"":""2024-04-30T16:46:04Z"",""scheduled"":""2024-04-30T15:51:00Z""},""departure"":{""estimated"":""2024-04-30T16:46:04Z"",""scheduled"":""2024-04-30T15:51:02Z""},""diff"":""bad"",""diffMin"":55},{""station"":""Summit"",""code"":""SMQU"",""estimated"":""2024-04-30T16:57:04Z"",""scheduled"":""2024-04-30T16:02:00Z"",""eta"":""ARR"",""arrival"":{""estimated"":""2024-04-30T16:57:04Z"",""scheduled"":""2024-04-30T16:02:00Z""},""departure"":{""estimated"":""2024-04-30T16:57:04Z"",""scheduled"":""2024-04-30T16:02:02Z""},""diff"":""bad"",""diffMin"":55},{""station"":""Club Sommet"",""code"":""SMMC"",""estimated"":""2024-04-30T16:58:10Z"",""scheduled"":""2024-04-30T16:03:06Z"",""eta"":""ARR"",""arrival"":{""estimated"":""2024-04-30T16:58:10Z"",""scheduled"":""2024-04-30T16:03:06Z""},""departure"":{""estimated"":""2024-04-30T16:58:10Z"",""scheduled"":""2024-04-30T16:04:00Z""},""diff"":""bad"",""diffMin"":55},{""station"":""Club Grégoire"",""code"":""GRGC"",""estimated"":""2024-04-30T17:02:04Z"",""scheduled"":""2024-04-30T16:07:00Z"",""eta"":""ARR"",""arrival"":{""estimated"":""2024-04-30T17:02:04Z"",""scheduled"":""2024-04-30T16:07:00Z""},""departure"":{""estimated"":""2024-04-30T17:02:04Z"",""scheduled"":""2024-04-30T16:07:02Z""},""diff"":""bad"",""diffMin"":55},{""station"":""Caribou"",""code"":""CARI"",""estimated"":""2024-04-30T17:09:04Z"",""scheduled"":""2024-04-30T16:14:00Z"",""eta"":""ARR"",""arrival"":{""estimated"":""2024-04-30T17:09:04Z"",""scheduled"":""2024-04-30T16:14:00Z""},""departure"":{""estimated"":""2024-04-30T17:09:04Z"",""scheduled"":""2024-04-30T16:14:02Z""},""diff"":""bad"",""diffMin"":55},{""station"":""Cherokee"",""code"":""CHER"",""estimated"":""2024-04-30T17:11:04Z"",""scheduled"":""2024-04-30T16:16:00Z"",""eta"":""ARR"",""arrival"":{""estimated"":""2024-04-30T17:11:04Z"",""scheduled"":""2024-04-30T16:16:00Z""},""departure"":{""estimated"":""2024-04-30T17:11:04Z"",""scheduled"":""2024-04-30T16:16:02Z""},""diff"":""bad"",""diffMin"":55},{""station"":""Lac-Édouard"",""code"":""LEDW"",""estimated"":""2024-04-30T17:24:04Z"",""scheduled"":""2024-04-30T16:29:00Z"",""eta"":""ARR"",""arrival"":{""estimated"":""2024-04-30T17:24:04Z"",""scheduled"":""2024-04-30T16:29:00Z""},""departure"":{""estimated"":""2024-04-30T17:24:04Z"",""scheduled"":""2024-04-30T16:30:00Z""},""diff"":""bad"",""diffMin"":55},{""station"":""Club Triton"",""code"":""TRTC"",""estimated"":""2024-04-30T17:37:04Z"",""scheduled"":""2024-04-30T16:42:00Z"",""eta"":""ARR"",""arrival"":{""estimated"":""2024-04-30T17:37:04Z"",""scheduled"":""2024-04-30T16:42:00Z""},""departure"":{""estimated"":""2024-04-30T17:37:04Z"",""scheduled"":""2024-04-30T16:43:00Z""},""diff"":""bad"",""diffMin"":55},{""station"":""Club Nicole"",""code"":""NCLC"",""estimated"":""2024-04-30T17:45:04Z"",""scheduled"":""2024-04-30T16:50:00Z"",""eta"":""ARR"",""arrival"":{""estimated"":""2024-04-30T17:45:04Z"",""scheduled"":""2024-04-30T16:50:00Z""},""departure"":{""estimated"":""2024-04-30T17:45:04Z"",""scheduled"":""2024-04-30T16:50:02Z""},""diff"":""bad"",""diffMin"":55},{""station"":""Hirondelle"",""code"":""HRDL"",""estimated"":""2024-04-30T17:51:04Z"",""scheduled"":""2024-04-30T16:56:00Z"",""eta"":""ARR"",""arrival"":{""estimated"":""2024-04-30T17:51:04Z"",""scheduled"":""2024-04-30T16:56:00Z""},""departure"":{""estimated"":""2024-04-30T17:51:04Z"",""scheduled"":""2024-04-30T16:58:00Z""},""diff"":""bad"",""diffMin"":55},{""station"":""Pearl Lake"",""code"":""PRLL"",""estimated"":""2024-04-30T17:54:18Z"",""scheduled"":""2024-04-30T16:59:14Z"",""eta"":""ARR"",""arrival"":{""estimated"":""2024-04-30T17:54:18Z"",""scheduled"":""2024-04-30T16:59:14Z""},""departure"":{""estimated"":""2024-04-30T17:54:18Z"",""scheduled"":""2024-04-30T17:00:00Z""},""diff"":""bad"",""diffMin"":55},{""station"":""Sanford"",""code"":""SANF"",""estimated"":""2024-04-30T18:05:04Z"",""scheduled"":""2024-04-30T17:10:00Z"",""eta"":""ARR"",""arrival"":{""estimated"":""2024-04-30T18:05:04Z"",""scheduled"":""2024-04-30T17:10:00Z""},""departure"":{""estimated"":""2024-04-30T18:05:04Z"",""scheduled"":""2024-04-30T17:11:00Z""},""diff"":""bad"",""diffMin"":55},{""station"":""Stadacona"",""code"":""STAD"",""estimated"":""2024-04-30T18:13:04Z"",""scheduled"":""2024-04-30T17:18:00Z"",""eta"":""ARR"",""arrival"":{""estimated"":""2024-04-30T18:13:04Z"",""scheduled"":""2024-04-30T17:18:00Z""},""departure"":{""estimated"":""2024-04-30T18:13:04Z"",""scheduled"":""2024-04-30T17:19:00Z""},""diff"":""bad"",""diffMin"":55},{""station"":""Club Iroquois"",""code"":""IRQC"",""estimated"":""2024-04-30T18:17:04Z"",""scheduled"":""2024-04-30T17:22:00Z"",""eta"":""ARR"",""arrival"":{""estimated"":""2024-04-30T18:17:04Z"",""scheduled"":""2024-04-30T17:22:00Z""},""departure"":{""estimated"":""2024-04-30T18:17:04Z"",""scheduled"":""2024-04-30T17:23:00Z""},""diff"":""bad"",""diffMin"":55},{""station"":""Lac Malouin"",""code"":""LMAL"",""estimated"":""2024-04-30T18:21:04Z"",""scheduled"":""2024-04-30T17:26:00Z"",""eta"":""ARR"",""arrival"":{""estimated"":""2024-04-30T18:21:04Z"",""scheduled"":""2024-04-30T17:26:00Z""},""departure"":{""estimated"":""2024-04-30T18:21:04Z"",""scheduled"":""2024-04-30T17:26:02Z""},""diff"":""bad"",""diffMin"":55},{""station"":""Bima"",""code"":""BIMA"",""estimated"":""2024-04-30T18:23:04Z"",""scheduled"":""2024-04-30T17:28:00Z"",""eta"":""ARR"",""arrival"":{""estimated"":""2024-04-30T18:23:04Z"",""scheduled"":""2024-04-30T17:28:00Z""},""departure"":{""estimated"":""2024-04-30T18:23:04Z"",""scheduled"":""2024-04-30T17:28:02Z""},""diff"":""bad"",""diffMin"":55},{""station"":""Saint-Hilaire"",""code"":""SHPN"",""estimated"":""2024-04-30T18:26:04Z"",""scheduled"":""2024-04-30T17:31:00Z"",""eta"":""ARR"",""arrival"":{""estimated"":""2024-04-30T18:26:04Z"",""scheduled"":""2024-04-30T17:31:00Z""},""departure"":{""estimated"":""2024-04-30T18:26:04Z"",""scheduled"":""2024-04-30T17:31:02Z""},""diff"":""bad"",""diffMin"":55},{""station"":""Pont Beaudet"",""code"":""PBDT"",""estimated"":""2024-04-30T18:28:04Z"",""scheduled"":""2024-04-30T17:33:00Z"",""eta"":""ARR"",""arrival"":{""estimated"":""2024-04-30T18:28:04Z"",""scheduled"":""2024-04-30T17:33:00Z""},""departure"":{""estimated"":""2024-04-30T18:28:04Z"",""scheduled"":""2024-04-30T17:33:02Z""},""diff"":""bad"",""diffMin"":55},{""station"":""Falrie"",""code"":""FALR"",""estimated"":""2024-04-30T18:31:04Z"",""scheduled"":""2024-04-30T17:36:00Z"",""eta"":""ARR"",""arrival"":{""estimated"":""2024-04-30T18:31:04Z"",""scheduled"":""2024-04-30T17:36:00Z""},""departure"":{""estimated"":""2024-04-30T18:31:04Z"",""scheduled"":""2024-04-30T17:36:02Z""},""diff"":""bad"",""diffMin"":55},{""station"":""Club Jacques-Cartier"",""code"":""JACC"",""estimated"":""2024-04-30T18:34:04Z"",""scheduled"":""2024-04-30T17:39:00Z"",""eta"":""ARR"",""arrival"":{""estimated"":""2024-04-30T18:34:04Z"",""scheduled"":""2024-04-30T17:39:00Z""},""departure"":{""estimated"":""2024-04-30T18:34:04Z"",""scheduled"":""2024-04-30T17:39:02Z""},""diff"":""bad"",""diffMin"":55},{""station"":""Miquick"",""code"":""MIQK"",""estimated"":""2024-04-30T18:48:04Z"",""scheduled"":""2024-04-30T17:53:00Z"",""eta"":""ARR"",""arrival"":{""estimated"":""2024-04-30T18:48:04Z"",""scheduled"":""2024-04-30T17:53:00Z""},""departure"":{""estimated"":""2024-04-30T18:48:04Z"",""scheduled"":""2024-04-30T17:54:00Z""},""diff"":""bad"",""diffMin"":55},{""station"":""Rivière-À-Pierre"",""code"":""RAPX"",""estimated"":""2024-04-30T19:23:04Z"",""scheduled"":""2024-04-30T18:28:00Z"",""eta"":""ARR"",""arrival"":{""estimated"":""2024-04-30T19:23:04Z"",""scheduled"":""2024-04-30T18:28:00Z""},""departure"":{""estimated"":""2024-04-30T19:23:04Z"",""scheduled"":""2024-04-30T18:33:00Z""},""diff"":""bad"",""diffMin"":55},{""station"":""Rousseau"",""code"":""ROUS"",""estimated"":""2024-04-30T19:16:13Z"",""scheduled"":""2024-04-30T18:49:00Z"",""eta"":""ARR"",""arrival"":{""estimated"":""2024-04-30T19:16:13Z"",""scheduled"":""2024-04-30T18:49:00Z""},""departure"":{""estimated"":""2024-04-30T19:16:13Z"",""scheduled"":""2024-04-30T18:49:02Z""},""diff"":""bad"",""diffMin"":27},{""station"":""Hervey"",""code"":""HERV"",""estimated"":""2024-04-30T19:42:28Z"",""scheduled"":""2024-04-30T19:20:00Z"",""eta"":""ARR"",""arrival"":{""estimated"":""2024-04-30T19:42:28Z"",""scheduled"":""2024-04-30T19:20:00Z""},""departure"":{""estimated"":""2024-04-30T19:42:28Z"",""scheduled"":""2024-04-30T19:30:00Z""},""diff"":""bad"",""diffMin"":22},{""station"":""Saint-Tite"",""code"":""STIT"",""estimated"":""2024-04-30T20:16:01Z"",""scheduled"":""2024-04-30T19:48:00Z"",""eta"":""ARR"",""arrival"":{""estimated"":""2024-04-30T20:16:01Z"",""scheduled"":""2024-04-30T19:48:00Z""},""departure"":{""estimated"":""2024-04-30T20:16:01Z"",""scheduled"":""2024-04-30T19:49:00Z""},""diff"":""bad"",""diffMin"":28},{""station"":""Garneau"",""code"":""GARN"",""estimated"":""2024-04-30T20:29:53Z"",""scheduled"":""2024-04-30T20:02:00Z"",""eta"":""ARR"",""arrival"":{""estimated"":""2024-04-30T20:29:53Z"",""scheduled"":""2024-04-30T20:02:00Z""},""departure"":{""estimated"":""2024-04-30T20:29:53Z"",""scheduled"":""2024-04-30T20:04:00Z""},""diff"":""bad"",""diffMin"":27},{""station"":""Grand-Mère"",""code"":""GMRE"",""estimated"":""2024-04-30T20:41:02Z"",""scheduled"":""2024-04-30T20:15:00Z"",""eta"":""ARR"",""arrival"":{""estimated"":""2024-04-30T20:41:02Z"",""scheduled"":""2024-04-30T20:15:00Z""},""departure"":{""estimated"":""2024-04-30T20:41:02Z"",""scheduled"":""2024-04-30T20:15:02Z""},""diff"":""bad"",""diffMin"":26},{""station"":""Shawinigan"",""code"":""SHWN"",""estimated"":""2024-04-30T20:48:09Z"",""scheduled"":""2024-04-30T20:23:00Z"",""eta"":""ARR"",""arrival"":{""estimated"":""2024-04-30T20:48:09Z"",""scheduled"":""2024-04-30T20:23:00Z""},""departure"":{""estimated"":""2024-04-30T20:48:09Z"",""scheduled"":""2024-04-30T20:27:00Z""},""diff"":""bad"",""diffMin"":25},{""station"":""Charette"",""code"":""CHRT"",""estimated"":""2024-04-30T21:18:27Z"",""scheduled"":""2024-04-30T20:46:00Z"",""eta"":""ARR"",""arrival"":{""estimated"":""2024-04-30T21:18:27Z"",""scheduled"":""2024-04-30T20:46:00Z""},""departure"":{""estimated"":""2024-04-30T21:18:27Z"",""scheduled"":""2024-04-30T20:47:00Z""},""diff"":""bad"",""diffMin"":32},{""station"":""St-Paulin"",""code"":""SPAU"",""estimated"":""2024-04-30T21:41:57Z"",""scheduled"":""2024-04-30T20:55:00Z"",""eta"":""ARR"",""arrival"":{""estimated"":""2024-04-30T21:41:57Z"",""scheduled"":""2024-04-30T20:55:00Z""},""departure"":{""estimated"":""2024-04-30T21:41:57Z"",""scheduled"":""2024-04-30T20:55:02Z""},""diff"":""bad"",""diffMin"":46},{""station"":""St-Justin"",""code"":""SJUS"",""estimated"":""2024-04-30T21:49:59Z"",""scheduled"":""2024-04-30T21:09:00Z"",""eta"":""ARR"",""arrival"":{""estimated"":""2024-04-30T21:49:59Z"",""scheduled"":""2024-04-30T21:09:00Z""},""departure"":{""estimated"":""2024-04-30T21:49:59Z"",""scheduled"":""2024-04-30T21:09:02Z""},""diff"":""bad"",""diffMin"":40},{""station"":""Joliette"",""code"":""JOLI"",""estimated"":""2024-04-30T22:15:51Z"",""scheduled"":""2024-04-30T21:38:00Z"",""eta"":""ARR"",""arrival"":{""estimated"":""2024-04-30T22:15:51Z"",""scheduled"":""2024-04-30T21:38:00Z""},""departure"":{""estimated"":""2024-04-30T22:15:51Z"",""scheduled"":""2024-04-30T21:41:00Z""},""diff"":""bad"",""diffMin"":37},{""station"":""Anjou"",""code"":""ANJO"",""estimated"":""2024-04-30T23:06:47Z"",""scheduled"":""2024-04-30T22:21:01Z"",""eta"":""ARR"",""arrival"":{""estimated"":""2024-04-30T23:06:47Z"",""scheduled"":""2024-04-30T22:21:01Z""},""departure"":{""estimated"":""2024-04-30T23:06:47Z"",""scheduled"":""2024-04-30T22:22:00Z""},""diff"":""bad"",""diffMin"":45},{""station"":""Sauvé"",""code"":""SAUV"",""estimated"":""2024-04-30T23:15:24Z"",""scheduled"":""2024-04-30T22:35:00Z"",""eta"":""ARR"",""arrival"":{""estimated"":""2024-04-30T23:15:24Z"",""scheduled"":""2024-04-30T22:35:00Z""},""departure"":{""estimated"":""2024-04-30T23:15:24Z"",""scheduled"":""2024-04-30T22:37:00Z""},""diff"":""bad"",""diffMin"":40},{""station"":""Montréal"",""code"":""MTRL"",""estimated"":""2024-04-30T23:56:55Z"",""scheduled"":""2024-04-30T23:46:00Z"",""eta"":""ARR"",""arrival"":{""estimated"":""2024-04-30T23:56:55Z"",""scheduled"":""2024-04-30T23:46:00Z""},""diff"":""med"",""diffMin"":10}]"
"53",true,true,"OTTAWA","TORONTO","2024-04-30","[{""station"":""Ottawa"",""code"":""OTTW"",""estimated"":""2024-04-30T15:48:00Z"",""scheduled"":""2024-04-30T15:48:00Z"",""eta"":""ARR"",""departure"":{""estimated"":""2024-04-30T15:48:00Z"",""scheduled"":""2024-04-30T15:48:00Z""},""diff"":""goo"",""diffMin"":0},{""station"":""Fallowfield"",""code"":""FALL"",""estimated"":""2024-04-30T16:04:36Z"",""scheduled"":""2024-04-30T16:05:00Z"",""eta"":""ARR"",""arrival"":{""estimated"":""2024-04-30T16:04:36Z"",""scheduled"":""2024-04-30T16:05:00Z""},""departure"":{""estimated"":""2024-04-30T16:07:27Z"",""scheduled"":""2024-04-30T16:08:00Z""},""diff"":""goo"",""diffMin"":0},{""station"":""Brockville"",""code"":""BRKV"",""estimated"":""2024-04-30T17:02:14Z"",""scheduled"":""2024-04-30T17:06:00Z"",""eta"":""ARR"",""arrival"":{""estimated"":""2024-04-30T17:02:14Z"",""scheduled"":""2024-04-30T17:06:00Z""},""departure"":{""estimated"":""2024-04-30T17:07:07Z"",""scheduled"":""2024-04-30T17:07:00Z""},""diff"":""goo"",""diffMin"":-3},{""station"":""Gananoque"",""code"":""GANA"",""estimated"":""2024-04-30T17:39:47Z"",""scheduled"":""2024-04-30T17:30:00Z"",""eta"":""ARR"",""arrival"":{""estimated"":""2024-04-30T17:39:47Z"",""scheduled"":""2024-04-30T17:30:00Z""},""departure"":{""estimated"":""2024-04-30T17:39:47Z"",""scheduled"":""2024-04-30T17:31:00Z""},""diff"":""med"",""diffMin"":9},{""station"":""Kingston"",""code"":""KGON"",""estimated"":""2024-04-30T17:59:56Z"",""scheduled"":""2024-04-30T17:50:00Z"",""eta"":""ARR"",""arrival"":{""estimated"":""2024-04-30T17:59:56Z"",""scheduled"":""2024-04-30T17:50:00Z""},""departure"":{""estimated"":""2024-04-30T17:59:56Z"",""scheduled"":""2024-04-30T17:54:00Z""},""diff"":""med"",""diffMin"":9},{""station"":""Belleville"",""code"":""BLVL"",""estimated"":""2024-04-30T18:37:18Z"",""scheduled"":""2024-04-30T18:33:00Z"",""eta"":""ARR"",""arrival"":{""estimated"":""2024-04-30T18:37:18Z"",""scheduled"":""2024-04-30T18:33:00Z""},""departure"":{""estimated"":""2024-04-30T18:37:18Z"",""scheduled"":""2024-04-30T18:36:00Z""},""diff"":""goo"",""diffMin"":4},{""station"":""Cobourg"",""code"":""CBRG"",""estimated"":""2024-04-30T19:11:21Z"",""scheduled"":""2024-04-30T19:11:00Z"",""eta"":""ARR"",""arrival"":{""estimated"":""2024-04-30T19:11:21Z"",""scheduled"":""2024-04-30T19:11:00Z""},""departure"":{""estimated"":""2024-04-30T19:11:21Z"",""scheduled"":""2024-04-30T19:12:00Z""},""diff"":""goo"",""diffMin"":0},{""station"":""Oshawa"",""code"":""OSHA"",""estimated"":""2024-04-30T19:46:25Z"",""scheduled"":""2024-04-30T19:52:00Z"",""eta"":""ARR"",""arrival"":{""estimated"":""2024-04-30T19:46:25Z"",""scheduled"":""2024-04-30T19:52:00Z""},""departure"":{""estimated"":""2024-04-30T19:50:17Z"",""scheduled"":""2024-04-30T19:55:00Z""},""diff"":""goo"",""diffMin"":-5},{""station"":""Guildwood"",""code"":""GUIL"",""estimated"":""2024-04-30T20:15:02Z"",""scheduled"":""2024-04-30T20:14:00Z"",""eta"":""ARR"",""arrival"":{""estimated"":""2024-04-30T20:15:02Z"",""scheduled"":""2024-04-30T20:14:00Z""},""departure"":{""estimated"":""2024-04-30T20:15:02Z"",""scheduled"":""2024-04-30T20:15:00Z""},""diff"":""goo"",""diffMin"":1},{""station"":""Toronto"",""code"":""TRTO"",""estimated"":""2024-04-30T20:34:00Z"",""scheduled"":""2024-04-30T20:33:00Z"",""eta"":""ARR"",""arrival"":{""estimated"":""2024-04-30T20:34:00Z"",""scheduled"":""2024-04-30T20:33:00Z""},""diff"":""goo"",""diffMin"":1}]"
"20",true,true,"MONTRÉAL","QUÉBEC","2024-04-30","[{""station"":""Montréal"",""code"":""MTRL"",""estimated"":""2024-04-30T10:25:00Z"",""scheduled"":""2024-04-30T10:25:00Z"",""eta"":""ARR"",""departure"":{""estimated"":""2024-04-30T10:25:00Z"",""scheduled"":""2024-04-30T10:25:00Z""},""diff"":""goo"",""diffMin"":0},{""station"":""St. Lambert"",""code"":""SLAM"",""estimated"":""2024-04-30T10:37:43Z"",""scheduled"":""2024-04-30T10:36:00Z"",""eta"":""ARR"",""arrival"":{""estimated"":""2024-04-30T10:37:43Z"",""scheduled"":""2024-04-30T10:36:00Z""},""departure"":{""estimated"":""2024-04-30T10:37:43Z"",""scheduled"":""2024-04-30T10:38:00Z""},""diff"":""goo"",""diffMin"":1},{""station"":""St. Hyacinthe"",""code"":""SHYA"",""estimated"":""2024-04-30T11:09:38Z"",""scheduled"":""2024-04-30T11:03:00Z"",""eta"":""ARR"",""arrival"":{""estimated"":""2024-04-30T11:09:38Z"",""scheduled"":""2024-04-30T11:03:00Z""},""departure"":{""estimated"":""2024-04-30T11:09:38Z"",""scheduled"":""2024-04-30T11:05:00Z""},""diff"":""med"",""diffMin"":6},{""station"":""Drummondville"",""code"":""DRMV"",""estimated"":""2024-04-30T11:38:15Z"",""scheduled"":""2024-04-30T11:36:05Z"",""eta"":""ARR"",""arrival"":{""estimated"":""2024-04-30T11:38:15Z"",""scheduled"":""2024-04-30T11:36:05Z""},""departure"":{""estimated"":""2024-04-30T11:38:15Z"",""scheduled"":""2024-04-30T11:38:00Z""},""diff"":""goo"",""diffMin"":2},{""station"":""Ste-Foy"",""code"":""SFOY"",""estimated"":""2024-04-30T13:14:27Z"",""scheduled"":""2024-04-30T13:17:00Z"",""eta"":""ARR"",""arrival"":{""estimated"":""2024-04-30T13:14:27Z"",""scheduled"":""2024-04-30T13:17:00Z""},""departure"":{""estimated"":""2024-04-30T13:16:01Z"",""scheduled"":""2024-04-30T13:19:00Z""},""diff"":""goo"",""diffMin"":-2},{""station"":""Québec"",""code"":""QBEC"",""estimated"":""2024-04-30T13:42:03Z"",""scheduled"":""2024-04-30T13:43:00Z"",""eta"":""ARR"",""arrival"":{""estimated"":""2024-04-30T13:42:03Z"",""scheduled"":""2024-04-30T13:43:00Z""},""diff"":""goo"",""diffMin"":0}]"
"40",true,true,"TORONTO","OTTAWA","2024-04-30","[{""station"":""Toronto"",""code"":""TRTO"",""estimated"":""2024-04-30T14:32:00Z"",""scheduled"":""2024-04-30T14:32:00Z"",""eta"":""ARR"",""departure"":{""estimated"":""2024-04-30T14:32:00Z"",""scheduled"":""2024-04-30T14:32:00Z""},""diff"":""goo"",""diffMin"":0},{""station"":""Guildwood"",""code"":""GUIL"",""estimated"":""2024-04-30T14:52:37Z"",""scheduled"":""2024-04-30T14:51:00Z"",""eta"":""ARR"",""arrival"":{""estimated"":""2024-04-30T14:52:37Z"",""scheduled"":""2024-04-30T14:51:00Z""},""departure"":{""estimated"":""2024-04-30T14:52:37Z"",""scheduled"":""2024-04-30T14:52:00Z""},""diff"":""goo"",""diffMin"":1},{""station"":""Belleville"",""code"":""BLVL"",""estimated"":""2024-04-30T16:13:51Z"",""scheduled"":""2024-04-30T16:11:00Z"",""eta"":""ARR"",""arrival"":{""estimated"":""2024-04-30T16:13:51Z"",""scheduled"":""2024-04-30T16:11:00Z""},""departure"":{""estimated"":""2024-04-30T16:13:51Z"",""scheduled"":""2024-04-30T16:13:00Z""},""diff"":""goo"",""diffMin"":2},{""station"":""Kingston"",""code"":""KGON"",""estimated"":""2024-04-30T16:51:31Z"",""scheduled"":""2024-04-30T16:49:00Z"",""eta"":""ARR"",""arrival"":{""estimated"":""2024-04-30T16:51:31Z"",""scheduled"":""2024-04-30T16:49:00Z""},""departure"":{""estimated"":""2024-04-30T16:51:31Z"",""scheduled"":""2024-04-30T16:52:00Z""},""diff"":""goo"",""diffMin"":2},{""station"":""Fallowfield"",""code"":""FALL"",""estimated"":""2024-04-30T18:29:35Z"",""scheduled"":""2024-04-30T18:37:00Z"",""eta"":""ARR"",""arrival"":{""estimated"":""2024-04-30T18:29:35Z"",""scheduled"":""2024-04-30T18:37:00Z""},""departure"":{""estimated"":""2024-04-30T18:33:05Z"",""scheduled"":""2024-04-30T18:39:00Z""},""diff"":""goo"",""diffMin"":-7},{""station"":""Ottawa"",""code"":""OTTW"",""estimated"":""2024-04-30T18:54:33Z"",""scheduled"":""2024-04-30T19:00:00Z"",""eta"":""ARR"",""arrival"":{""estimated"":""2024-04-30T18:54:33Z"",""scheduled"":""2024-04-30T19:00:00Z""},""diff"":""goo"",""diffMin"":-5}]"
"42",true,true,"TORONTO","OTTAWA","2024-04-30","[{""station"":""Toronto"",""code"":""TRTO"",""estimated"":""2024-04-30T16:17:00Z"",""scheduled"":""2024-04-30T16:17:00Z"",""eta"":""ARR"",""departure"":{""estimated"":""2024-04-30T16:17:00Z"",""scheduled"":""2024-04-30T16:17:00Z""},""diff"":""goo"",""diffMin"":0},{""station"":""Guildwood"",""code"":""GUIL"",""estimated"":""2024-04-30T16:34:37Z"",""scheduled"":""2024-04-30T16:36:00Z"",""eta"":""ARR"",""arrival"":{""estimated"":""2024-04-30T16:34:37Z"",""scheduled"":""2024-04-30T16:36:00Z""},""departure"":{""estimated"":""2024-04-30T16:37:14Z"",""scheduled"":""2024-04-30T16:37:00Z""},""diff"":""goo"",""diffMin"":-1},{""station"":""Oshawa"",""code"":""OSHA"",""estimated"":""2024-04-30T17:06:37Z"",""scheduled"":""2024-04-30T16:54:00Z"",""eta"":""ARR"",""arrival"":{""estimated"":""2024-04-30T17:06:37Z"",""scheduled"":""2024-04-30T16:54:00Z""},""departure"":{""estimated"":""2024-04-30T17:06:37Z"",""scheduled"":""2024-04-30T16:56:00Z""},""diff"":""med"",""diffMin"":12},{""station"":""Port Hope"",""code"":""PHOP"",""estimated"":""2024-04-30T17:34:55Z"",""scheduled"":""2024-04-30T17:22:00Z"",""eta"":""ARR"",""arrival"":{""estimated"":""2024-04-30T17:34:55Z"",""scheduled"":""2024-04-30T17:22:00Z""},""departure"":{""estimated"":""2024-04-30T17:34:55Z"",""scheduled"":""2024-04-30T17:23:00Z""},""diff"":""med"",""diffMin"":12},{""station"":""Cobourg"",""code"":""CBRG"",""estimated"":""2024-04-30T17:43:27Z"",""scheduled"":""2024-04-30T17:30:00Z"",""eta"":""ARR"",""arrival"":{""estimated"":""2024-04-30T17:43:27Z"",""scheduled"":""2024-04-30T17:30:00Z""},""departure"":{""estimated"":""2024-04-30T17:43:27Z"",""scheduled"":""2024-04-30T17:32:00Z""},""diff"":""med"",""diffMin"":13},{""station"":""Trenton Jct."",""code"":""TRNJ"",""estimated"":""2024-04-30T18:10:14Z"",""scheduled"":""2024-04-30T17:58:00Z"",""eta"":""ARR"",""arrival"":{""estimated"":""2024-04-30T18:10:14Z"",""scheduled"":""2024-04-30T17:58:00Z""},""departure"":{""estimated"":""2024-04-30T18:10:14Z"",""scheduled"":""2024-04-30T17:59:00Z""},""diff"":""med"",""diffMin"":12},{""station"":""Belleville"",""code"":""BLVL"",""estimated"":""2024-04-30T18:23:40Z"",""scheduled"":""2024-04-30T18:14:00Z"",""eta"":""ARR"",""arrival"":{""estimated"":""2024-04-30T18:23:40Z"",""scheduled"":""2024-04-30T18:14:00Z""},""departure"":{""estimated"":""2024-04-30T18:23:40Z"",""scheduled"":""2024-04-30T18:16:00Z""},""diff"":""med"",""diffMin"":9},{""station"":""Napanee"",""code"":""NAPN"",""estimated"":""2024-04-30T18:44:42Z"",""scheduled"":""2024-04-30T18:34:00Z"",""eta"":""ARR"",""arrival"":{""estimated"":""2024-04-30T18:44:42Z"",""scheduled"":""2024-04-30T18:34:00Z""},""departure"":{""estimated"":""2024-04-30T18:44:42Z"",""scheduled"":""2024-04-30T18:35:00Z""},""diff"":""med"",""diffMin"":10},{""station"":""Kingston"",""code"":""KGON"",""estimated"":""2024-04-30T19:04:12Z"",""scheduled"":""2024-04-30T18:54:00Z"",""eta"":""ARR"",""arrival"":{""estimated"":""2024-04-30T19:04:12Z"",""scheduled"":""2024-04-30T18:54:00Z""},""departure"":{""estimated"":""2024-04-30T19:04:12Z"",""scheduled"":""2024-04-30T18:56:00Z""},""diff"":""med"",""diffMin"":10},{""station"":""Gananoque"",""code"":""GANA"",""estimated"":""2024-04-30T19:27:32Z"",""scheduled"":""2024-04-30T19:19:00Z"",""eta"":""ARR"",""arrival"":{""estimated"":""2024-04-30T19:27:32Z"",""scheduled"":""2024-04-30T19:19:00Z""},""departure"":{""estimated"":""2024-04-30T19:27:32Z"",""scheduled"":""2024-04-30T19:20:00Z""},""diff"":""med"",""diffMin"":8},{""station"":""Brockville"",""code"":""BRKV"",""estimated"":""2024-04-30T19:54:47Z"",""scheduled"":""2024-04-30T19:43:00Z"",""eta"":""ARR"",""arrival"":{""estimated"":""2024-04-30T19:54:47Z"",""scheduled"":""2024-04-30T19:43:00Z""},""departure"":{""estimated"":""2024-04-30T19:54:47Z"",""scheduled"":""2024-04-30T19:45:00Z""},""diff"":""med"",""diffMin"":11},{""station"":""Smiths Falls"",""code"":""SMTF"",""estimated"":""2024-04-30T20:33:47Z"",""scheduled"":""2024-04-30T20:20:00Z"",""eta"":""ARR"",""arrival"":{""estimated"":""2024-04-30T20:33:47Z"",""scheduled"":""2024-04-30T20:20:00Z""},""departure"":{""estimated"":""2024-04-30T20:33:47Z"",""scheduled"":""2024-04-30T20:21:00Z""},""diff"":""med"",""diffMin"":13},{""station"":""Fallowfield"",""code"":""FALL"",""estimated"":""2024-04-30T21:00:05Z"",""scheduled"":""2024-04-30T20:52:00Z"",""eta"":""ARR"",""arrival"":{""estimated"":""2024-04-30T21:00:05Z"",""scheduled"":""2024-04-30T20:52:00Z""},""departure"":{""estimated"":""2024-04-30T21:00:05Z"",""scheduled"":""2024-04-30T20:54:00Z""},""diff"":""med"",""diffMin"":8},{""station"":""Ottawa"",""code"":""OTTW"",""estimated"":""2024-04-30T21:21:56Z"",""scheduled"":""2024-04-30T21:10:00Z"",""eta"":""ARR"",""arrival"":{""estimated"":""2024-04-30T21:21:56Z"",""scheduled"":""2024-04-30T21:10:00Z""},""diff"":""med"",""diffMin"":11}]"
"97",true,false,"TORONTO","NIAGARA FALLS","2024-04-30","[{""station"":""Toronto"",""code"":""TRTO"",""estimated"":""2024-04-30T12:20:00Z"",""scheduled"":""2024-04-30T12:20:00Z"",""eta"":""ARR"",""departure"":{""estimated"":""2024-04-30T12:20:00Z"",""scheduled"":""2024-04-30T12:20:00Z""},""diff"":""goo"",""diffMin"":0},{""station"":""Grimsby"",""code"":""GRIM"",""estimated"":""&mdash;"",""scheduled"":""2024-04-30T13:37:00Z"",""eta"":""&mdash;"",""arrival"":{""estimated"":null,""scheduled"":""2024-04-30T13:37:00Z""},""departure"":{""estimated"":""2024-04-30T13:37:00Z"",""scheduled"":""2024-04-30T13:38:00Z""}},{""station"":""St. Catharines"",""code"":""SCAT"",""estimated"":""&mdash;"",""scheduled"":""2024-04-30T13:57:00Z"",""eta"":""&mdash;"",""arrival"":{""estimated"":null,""scheduled"":""2024-04-30T13:57:00Z""},""departure"":{""estimated"":""2024-04-30T14:03:00Z"",""scheduled"":""2024-04-30T13:58:00Z""}},{""station"":""Niagara Falls"",""code"":""NIAG"",""estimated"":""&mdash;"",""scheduled"":""2024-04-30T14:20:00Z"",""eta"":""&mdash;"",""arrival"":{""estimated"":null,""scheduled"":""2024-04-30T14:20:00Z""}}]"
"185",true,true,"SUDBURY","WHITE RIVER","2024-04-30","[{""station"":""Sudbury"",""code"":""SUDB"",""estimated"":""2024-04-30T13:00:00Z"",""scheduled"":""2024-04-30T13:00:00Z"",""eta"":""ARR"",""departure"":{""estimated"":""2024-04-30T13:00:00Z"",""scheduled"":""2024-04-30T13:00:00Z""},""diff"":""goo"",""diffMin"":0},{""station"":""Azilda"",""code"":""AZIL"",""estimated"":""2024-04-30T13:13:42Z"",""scheduled"":""2024-04-30T13:10:00Z"",""eta"":""ARR"",""arrival"":{""estimated"":""2024-04-30T13:13:42Z"",""scheduled"":""2024-04-30T13:10:00Z""},""departure"":{""estimated"":""2024-04-30T13:13:42Z"",""scheduled"":""2024-04-30T13:10:02Z""},""diff"":""goo"",""diffMin"":3},{""station"":""Chelmsford"",""code"":""CHEL"",""estimated"":""2024-04-30T13:16:34Z"",""scheduled"":""2024-04-30T13:15:00Z"",""eta"":""ARR"",""arrival"":{""estimated"":""2024-04-30T13:16:34Z"",""scheduled"":""2024-04-30T13:15:00Z""},""departure"":{""estimated"":""2024-04-30T13:16:34Z"",""scheduled"":""2024-04-30T13:15:02Z""},""diff"":""goo"",""diffMin"":1},{""station"":""Larchwood"",""code"":""LARC"",""estimated"":""2024-04-30T13:20:08Z"",""scheduled"":""2024-04-30T13:19:00Z"",""eta"":""ARR"",""arrival"":{""estimated"":""2024-04-30T13:20:08Z"",""scheduled"":""2024-04-30T13:19:00Z""},""departure"":{""estimated"":""2024-04-30T13:20:08Z"",""scheduled"":""2024-04-30T13:19:02Z""},""diff"":""goo"",""diffMin"":1},{""station"":""Levack"",""code"":""LEVA"",""estimated"":""2024-04-30T13:29:35Z"",""scheduled"":""2024-04-30T13:30:00Z"",""eta"":""ARR"",""arrival"":{""estimated"":""2024-04-30T13:29:35Z"",""scheduled"":""2024-04-30T13:30:00Z""},""departure"":{""estimated"":""2024-04-30T13:28:55Z"",""scheduled"":""2024-04-30T13:30:02Z""},""diff"":""goo"",""diffMin"":0},{""station"":""Cartier"",""code"":""CART"",""estimated"":""2024-04-30T13:41:21Z"",""scheduled"":""2024-04-30T13:45:00Z"",""eta"":""ARR"",""arrival"":{""estimated"":""2024-04-30T13:41:21Z"",""scheduled"":""2024-04-30T13:45:00Z""},""departure"":{""estimated"":""2024-04-30T13:44:45Z"",""scheduled"":""2024-04-30T13:50:00Z""},""diff"":""goo"",""diffMin"":-3},{""station"":""Benny"",""code"":""BENN"",""estimated"":""2024-04-30T13:58:55Z"",""scheduled"":""2024-04-30T14:05:00Z"",""eta"":""ARR"",""arrival"":{""estimated"":""2024-04-30T13:58:55Z"",""scheduled"":""2024-04-30T14:05:00Z""},""departure"":{""estimated"":""2024-04-30T13:57:45Z"",""scheduled"":""2024-04-30T14:05:02Z""},""diff"":""goo"",""diffMin"":-6},{""station"":""Stralak"",""code"":""STRL"",""estimated"":""2024-04-30T14:03:11Z"",""scheduled"":""2024-04-30T14:12:00Z"",""eta"":""ARR"",""arrival"":{""estimated"":""2024-04-30T14:03:11Z"",""scheduled"":""2024-04-30T14:12:00Z""},""departure"":{""estimated"":""2024-04-30T14:02:05Z"",""scheduled"":""2024-04-30T14:12:02Z""},""diff"":""goo"",""diffMin"":-8},{""station"":""Pogamasing"",""code"":""POGA"",""estimated"":""2024-04-30T14:15:20Z"",""scheduled"":""2024-04-30T14:25:00Z"",""eta"":""ARR"",""arrival"":{""estimated"":""2024-04-30T14:15:20Z"",""scheduled"":""2024-04-30T14:25:00Z""},""departure"":{""estimated"":""2024-04-30T14:25:02Z"",""scheduled"":""2024-04-30T14:25:02Z""},""diff"":""goo"",""diffMin"":-9},{""station"":""Sheahan"",""code"":""SHEA"",""estimated"":""2024-04-30T14:18:54Z"",""scheduled"":""2024-04-30T14:30:00Z"",""eta"":""ARR"",""arrival"":{""estimated"":""2024-04-30T14:18:54Z"",""scheduled"":""2024-04-30T14:30:00Z""},""departure"":{""estimated"":""2024-04-30T14:18:20Z"",""scheduled"":""2024-04-30T14:30:02Z""},""diff"":""goo"",""diffMin"":-11},{""station"":""Forks"",""code"":""FRKS"",""estimated"":""2024-04-30T14:27:34Z"",""scheduled"":""2024-04-30T14:40:00Z"",""eta"":""ARR"",""arrival"":{""estimated"":""2024-04-30T14:27:34Z"",""scheduled"":""2024-04-30T14:40:00Z""},""departure"":{""estimated"":""2024-04-30T14:40:02Z"",""scheduled"":""2024-04-30T14:40:02Z""},""diff"":""goo"",""diffMin"":-12},{""station"":""Metagama"",""code"":""MTGM"",""estimated"":""2024-04-30T14:50:00Z"",""scheduled"":""2024-04-30T14:50:00Z"",""eta"":""ARR"",""arrival"":{""estimated"":""2024-04-30T14:50:00Z"",""scheduled"":""2024-04-30T14:50:00Z""},""departure"":{""estimated"":""2024-04-30T14:50:02Z"",""scheduled"":""2024-04-30T14:50:02Z""},""diff"":""goo"",""diffMin"":0},{""station"":""Sinker"",""code"":""SNKR"",""estimated"":""2024-04-30T14:55:00Z"",""scheduled"":""2024-04-30T14:55:00Z"",""eta"":""ARR"",""arrival"":{""estimated"":""2024-04-30T14:55:00Z"",""scheduled"":""2024-04-30T14:55:00Z""},""departure"":{""estimated"":""2024-04-30T14:55:02Z"",""scheduled"":""2024-04-30T14:55:02Z""},""diff"":""goo"",""diffMin"":0},{""station"":""Biscotasing"",""code"":""BISC"",""estimated"":""2024-04-30T15:14:18Z"",""scheduled"":""2024-04-30T15:20:00Z"",""eta"":""ARR"",""arrival"":{""estimated"":""2024-04-30T15:14:18Z"",""scheduled"":""2024-04-30T15:20:00Z""},""departure"":{""estimated"":""2024-04-30T15:20:02Z"",""scheduled"":""2024-04-30T15:20:02Z""},""diff"":""goo"",""diffMin"":-5},{""station"":""Roberts"",""code"":""RBRT"",""estimated"":""2024-04-30T15:30:00Z"",""scheduled"":""2024-04-30T15:30:00Z"",""eta"":""ARR"",""arrival"":{""estimated"":""2024-04-30T15:30:00Z"",""scheduled"":""2024-04-30T15:30:00Z""},""departure"":{""estimated"":""2024-04-30T15:30:02Z"",""scheduled"":""2024-04-30T15:30:02Z""},""diff"":""goo"",""diffMin"":0},{""station"":""Ramsey"",""code"":""RAMS"",""estimated"":""2024-04-30T15:45:00Z"",""scheduled"":""2024-04-30T15:45:00Z"",""eta"":""ARR"",""arrival"":{""estimated"":""2024-04-30T15:45:00Z"",""scheduled"":""2024-04-30T15:45:00Z""},""departure"":{""estimated"":""2024-04-30T15:45:02Z"",""scheduled"":""2024-04-30T15:45:02Z""},""diff"":""goo"",""diffMin"":0},{""station"":""Woman River"",""code"":""WOMR"",""estimated"":""2024-04-30T16:05:00Z"",""scheduled"":""2024-04-30T16:05:00Z"",""eta"":""ARR"",""arrival"":{""estimated"":""2024-04-30T16:05:00Z"",""scheduled"":""2024-04-30T16:05:00Z""},""departure"":{""estimated"":""2024-04-30T16:05:02Z"",""scheduled"":""2024-04-30T16:05:02Z""},""diff"":""goo"",""diffMin"":0},{""station"":""Sultan"",""code"":""SULT"",""estimated"":""2024-04-30T16:20:00Z"",""scheduled"":""2024-04-30T16:20:00Z"",""eta"":""ARR"",""arrival"":{""estimated"":""2024-04-30T16:20:00Z"",""scheduled"":""2024-04-30T16:20:00Z""},""departure"":{""estimated"":""2024-04-30T16:20:02Z"",""scheduled"":""2024-04-30T16:20:02Z""},""diff"":""goo"",""diffMin"":0},{""station"":""Kormak"",""code"":""KORM"",""estimated"":""2024-04-30T16:35:00Z"",""scheduled"":""2024-04-30T16:35:00Z"",""eta"":""ARR"",""arrival"":{""estimated"":""2024-04-30T16:35:00Z"",""scheduled"":""2024-04-30T16:35:00Z""},""departure"":{""estimated"":""2024-04-30T16:35:02Z"",""scheduled"":""2024-04-30T16:35:02Z""},""diff"":""goo"",""diffMin"":0},{""station"":""Kinogama"",""code"":""KINO"",""estimated"":""2024-04-30T16:40:00Z"",""scheduled"":""2024-04-30T16:40:00Z"",""eta"":""ARR"",""arrival"":{""estimated"":""2024-04-30T16:40:00Z"",""scheduled"":""2024-04-30T16:40:00Z""},""departure"":{""estimated"":""2024-04-30T16:40:02Z"",""scheduled"":""2024-04-30T16:40:02Z""},""diff"":""goo"",""diffMin"":0},{""station"":""Nemegos"",""code"":""NEME"",""estimated"":""2024-04-30T16:29:47Z"",""scheduled"":""2024-04-30T16:55:00Z"",""eta"":""ARR"",""arrival"":{""estimated"":""2024-04-30T16:29:47Z"",""scheduled"":""2024-04-30T16:55:00Z""},""departure"":{""estimated"":""2024-04-30T16:55:02Z"",""scheduled"":""2024-04-30T16:55:02Z""},""diff"":""goo"",""diffMin"":-25},{""station"":""Devon"",""code"":""DEVN"",""estimated"":""2024-04-30T17:17:37Z"",""scheduled"":""2024-04-30T17:05:00Z"",""eta"":""ARR"",""arrival"":{""estimated"":""2024-04-30T17:17:37Z"",""scheduled"":""2024-04-30T17:05:00Z""},""departure"":{""estimated"":""2024-04-30T17:17:37Z"",""scheduled"":""2024-04-30T17:05:02Z""},""diff"":""med"",""diffMin"":12},{""station"":""Chapleau"",""code"":""CHAP"",""estimated"":""2024-04-30T17:29:32Z"",""scheduled"":""2024-04-30T17:20:00Z"",""eta"":""ARR"",""arrival"":{""estimated"":""2024-04-30T17:29:32Z"",""scheduled"":""2024-04-30T17:20:00Z""},""departure"":{""estimated"":""2024-04-30T17:29:32Z"",""scheduled"":""2024-04-30T17:35:00Z""},""diff"":""med"",""diffMin"":9},{""station"":""Esher"",""code"":""ESHR"",""estimated"":""2024-04-30T17:43:16Z"",""scheduled"":""2024-04-30T17:50:00Z"",""eta"":""ARR"",""arrival"":{""estimated"":""2024-04-30T17:43:16Z"",""scheduled"":""2024-04-30T17:50:00Z""},""departure"":{""estimated"":""2024-04-30T17:50:02Z"",""scheduled"":""2024-04-30T17:50:02Z""},""diff"":""goo"",""diffMin"":-6},{""station"":""Musk"",""code"":""MUSK"",""estimated"":""2024-04-30T17:53:28Z"",""scheduled"":""2024-04-30T18:00:00Z"",""eta"":""ARR"",""arrival"":{""estimated"":""2024-04-30T17:53:28Z"",""scheduled"":""2024-04-30T18:00:00Z""},""departure"":{""estimated"":""2024-04-30T18:00:02Z"",""scheduled"":""2024-04-30T18:00:02Z""},""diff"":""goo"",""diffMin"":-6},{""station"":""Nicholson"",""code"":""NICH"",""estimated"":""2024-04-30T17:59:06Z"",""scheduled"":""2024-04-30T18:10:00Z"",""eta"":""ARR"",""arrival"":{""estimated"":""2024-04-30T17:59:06Z"",""scheduled"":""2024-04-30T18:10:00Z""},""departure"":{""estimated"":""2024-04-30T17:57:10Z"",""scheduled"":""2024-04-30T18:10:02Z""},""diff"":""goo"",""diffMin"":-10},{""station"":""Bolkow"",""code"":""BOLK"",""estimated"":""2024-04-30T18:16:07Z"",""scheduled"":""2024-04-30T18:30:00Z"",""eta"":""ARR"",""arrival"":{""estimated"":""2024-04-30T18:16:07Z"",""scheduled"":""2024-04-30T18:30:00Z""},""departure"":{""estimated"":""2024-04-30T18:30:02Z"",""scheduled"":""2024-04-30T18:30:02Z""},""diff"":""goo"",""diffMin"":-13},{""station"":""Dalton"",""code"":""DALT"",""estimated"":""2024-04-30T18:45:00Z"",""scheduled"":""2024-04-30T18:45:00Z"",""eta"":""ARR"",""arrival"":{""estimated"":""2024-04-30T18:45:00Z"",""scheduled"":""2024-04-30T18:45:00Z""},""departure"":{""estimated"":""2024-04-30T18:45:02Z"",""scheduled"":""2024-04-30T18:45:02Z""},""diff"":""goo"",""diffMin"":0},{""station"":""Missanabie"",""code"":""MSBI"",""estimated"":""2024-04-30T19:10:00Z"",""scheduled"":""2024-04-30T19:10:00Z"",""eta"":""ARR"",""arrival"":{""estimated"":""2024-04-30T19:10:00Z"",""scheduled"":""2024-04-30T19:10:00Z""},""departure"":{""estimated"":""2024-04-30T19:10:02Z"",""scheduled"":""2024-04-30T19:10:02Z""},""diff"":""goo"",""diffMin"":0},{""station"":""Lochalsh"",""code"":""LOCH"",""estimated"":""2024-04-30T19:30:00Z"",""scheduled"":""2024-04-30T19:30:00Z"",""eta"":""ARR"",""arrival"":{""estimated"":""2024-04-30T19:30:00Z"",""scheduled"":""2024-04-30T19:30:00Z""},""departure"":{""estimated"":""2024-04-30T19:30:02Z"",""scheduled"":""2024-04-30T19:30:02Z""},""diff"":""goo"",""diffMin"":0},{""station"":""Franz"",""code"":""FRNZ"",""estimated"":""2024-04-30T19:30:51Z"",""scheduled"":""2024-04-30T19:50:00Z"",""eta"":""ARR"",""arrival"":{""estimated"":""2024-04-30T19:30:51Z"",""scheduled"":""2024-04-30T19:50:00Z""},""departure"":{""estimated"":""2024-04-30T19:50:02Z"",""scheduled"":""2024-04-30T19:50:02Z""},""diff"":""goo"",""diffMin"":-19},{""station"":""Swanson"",""code"":""SWAN"",""estimated"":""2024-04-30T19:46:30Z"",""scheduled"":""2024-04-30T20:00:00Z"",""eta"":""ARR"",""arrival"":{""estimated"":""2024-04-30T19:46:30Z"",""scheduled"":""2024-04-30T20:00:00Z""},""departure"":{""estimated"":""2024-04-30T20:00:02Z"",""scheduled"":""2024-04-30T20:00:02Z""},""diff"":""goo"",""diffMin"":-13},{""station"":""Girdwood"",""code"":""GIRD"",""estimated"":""2024-04-30T20:08:11Z"",""scheduled"":""2024-04-30T20:25:00Z"",""eta"":""ARR"",""arrival"":{""estimated"":""2024-04-30T20:08:11Z"",""scheduled"":""2024-04-30T20:25:00Z""},""departure"":{""estimated"":""2024-04-30T20:25:02Z"",""scheduled"":""2024-04-30T20:25:02Z""},""diff"":""goo"",""diffMin"":-16},{""station"":""Amyot"",""code"":""AMYO"",""estimated"":""2024-04-30T20:13:27Z"",""scheduled"":""2024-04-30T20:35:00Z"",""eta"":""ARR"",""arrival"":{""estimated"":""2024-04-30T20:13:27Z"",""scheduled"":""2024-04-30T20:35:00Z""},""departure"":{""estimated"":""2024-04-30T20:12:54Z"",""scheduled"":""2024-04-30T20:35:30Z""},""diff"":""goo"",""diffMin"":-21},{""station"":""O'Brien"",""code"":""OBRI"",""estimated"":""2024-04-30T20:26:31Z"",""scheduled"":""2024-04-30T20:50:00Z"",""eta"":""ARR"",""arrival"":{""estimated"":""2024-04-30T20:26:31Z"",""scheduled"":""2024-04-30T20:50:00Z""},""departure"":{""estimated"":""2024-04-30T20:25:31Z"",""scheduled"":""2024-04-30T20:50:02Z""},""diff"":""goo"",""diffMin"":-23},{""station"":""White River"",""code"":""WHTR"",""estimated"":""2024-04-30T20:40:52Z"",""scheduled"":""2024-04-30T21:05:00Z"",""eta"":""ARR"",""arrival"":{""estimated"":""2024-04-30T20:40:52Z"",""scheduled"":""2024-04-30T21:05:00Z""},""diff"":""goo"",""diffMin"":-24}]"
"22",true,true,"OTTAWA","QUÉBEC","2024-04-30","[{""station"":""Ottawa"",""code"":""OTTW"",""estimated"":""2024-04-30T10:08:00Z"",""scheduled"":""2024-04-30T10:08:00Z"",""eta"":""ARR"",""departure"":{""estimated"":""2024-04-30T10:08:00Z"",""scheduled"":""2024-04-30T10:08:00Z""},""diff"":""goo"",""diffMin"":0},{""station"":""Casselman"",""code"":""CSLM"",""estimated"":""2024-04-30T10:33:53Z"",""scheduled"":""2024-04-30T10:34:00Z"",""eta"":""ARR"",""arrival"":{""estimated"":""2024-04-30T10:33:53Z"",""scheduled"":""2024-04-30T10:34:00Z""},""departure"":{""estimated"":""2024-04-30T10:34:30Z"",""scheduled"":""2024-04-30T10:35:00Z""},""diff"":""goo"",""diffMin"":0},{""station"":""Alexandria"",""code"":""ALEX"",""estimated"":""2024-04-30T10:57:21Z"",""scheduled"":""2024-04-30T10:56:00Z"",""eta"":""ARR"",""arrival"":{""estimated"":""2024-04-30T10:57:21Z"",""scheduled"":""2024-04-30T10:56:00Z""},""departure"":{""estimated"":""2024-04-30T10:57:21Z"",""scheduled"":""2024-04-30T10:58:00Z""},""diff"":""goo"",""diffMin"":1},{""station"":""Coteau"",""code"":""COTO"",""estimated"":""2024-04-30T11:25:47Z"",""scheduled"":""2024-04-30T11:24:00Z"",""eta"":""ARR"",""arrival"":{""estimated"":""2024-04-30T11:25:47Z"",""scheduled"":""2024-04-30T11:24:00Z""},""departure"":{""estimated"":""2024-04-30T11:25:47Z"",""scheduled"":""2024-04-30T11:26:00Z""},""diff"":""goo"",""diffMin"":1},{""station"":""Dorval"",""code"":""DORV"",""estimated"":""2024-04-30T11:52:09Z"",""scheduled"":""2024-04-30T11:49:00Z"",""eta"":""ARR"",""arrival"":{""estimated"":""2024-04-30T11:52:09Z"",""scheduled"":""2024-04-30T11:49:00Z""},""departure"":{""estimated"":""2024-04-30T11:52:09Z"",""scheduled"":""2024-04-30T11:51:00Z""},""diff"":""goo"",""diffMin"":3},{""station"":""Montréal"",""code"":""MTRL"",""estimated"":""2024-04-30T12:24:05Z"",""scheduled"":""2024-04-30T12:11:00Z"",""eta"":""ARR"",""arrival"":{""estimated"":""2024-04-30T12:24:05Z"",""scheduled"":""2024-04-30T12:11:00Z""},""departure"":{""estimated"":""2024-04-30T12:24:05Z"",""scheduled"":""2024-04-30T12:36:00Z""},""diff"":""med"",""diffMin"":13},{""station"":""St. Lambert"",""code"":""SLAM"",""estimated"":""2024-04-30T13:02:08Z"",""scheduled"":""2024-04-30T12:57:00Z"",""eta"":""ARR"",""arrival"":{""estimated"":""2024-04-30T13:02:08Z"",""scheduled"":""2024-04-30T12:57:00Z""},""departure"":{""estimated"":""2024-04-30T13:02:08Z"",""scheduled"":""2024-04-30T12:58:00Z""},""diff"":""med"",""diffMin"":5},{""station"":""St. Hyacinthe"",""code"":""SHYA"",""estimated"":""2024-04-30T13:32:42Z"",""scheduled"":""2024-04-30T13:24:00Z"",""eta"":""ARR"",""arrival"":{""estimated"":""2024-04-30T13:32:42Z"",""scheduled"":""2024-04-30T13:24:00Z""},""departure"":{""estimated"":""2024-04-30T13:32:42Z"",""scheduled"":""2024-04-30T13:25:00Z""},""diff"":""med"",""diffMin"":8},{""station"":""Drummondville"",""code"":""DRMV"",""estimated"":""2024-04-30T14:07:39Z"",""scheduled"":""2024-04-30T13:52:00Z"",""eta"":""ARR"",""arrival"":{""estimated"":""2024-04-30T14:07:39Z"",""scheduled"":""2024-04-30T13:52:00Z""},""departure"":{""estimated"":""2024-04-30T14:07:39Z"",""scheduled"":""2024-04-30T13:54:00Z""},""diff"":""bad"",""diffMin"":15},{""station"":""Ste-Foy"",""code"":""SFOY"",""estimated"":""2024-04-30T15:45:51Z"",""scheduled"":""2024-04-30T15:25:00Z"",""eta"":""ARR"",""arrival"":{""estimated"":""2024-04-30T15:45:51Z"",""scheduled"":""2024-04-30T15:25:00Z""},""departure"":{""estimated"":""2024-04-30T15:45:51Z"",""scheduled"":""2024-04-30T15:28:00Z""},""diff"":""bad"",""diffMin"":20},{""station"":""Québec"",""code"":""QBEC"",""estimated"":""2024-04-30T16:16:33Z"",""scheduled"":""2024-04-30T15:52:00Z"",""eta"":""ARR"",""arrival"":{""estimated"":""2024-04-30T16:16:33Z"",""scheduled"":""2024-04-30T15:52:00Z""},""diff"":""bad"",""diffMin"":24}]"
"35",true,true,"QUÉBEC","OTTAWA","2024-04-30","[{""station"":""Québec"",""code"":""QBEC"",""estimated"":""2024-04-30T12:10:00Z"",""scheduled"":""2024-04-30T12:10:00Z"",""eta"":""ARR"",""departure"":{""estimated"":""2024-04-30T12:10:00Z"",""scheduled"":""2024-04-30T12:10:00Z""},""diff"":""goo"",""diffMin"":0},{""station"":""Ste-Foy"",""code"":""SFOY"",""estimated"":""2024-04-30T12:37:53Z"",""scheduled"":""2024-04-30T12:34:00Z"",""eta"":""ARR"",""arrival"":{""estimated"":""2024-04-30T12:37:53Z"",""scheduled"":""2024-04-30T12:34:00Z""},""departure"":{""estimated"":""2024-04-30T12:37:53Z"",""scheduled"":""2024-04-30T12:36:00Z""},""diff"":""goo"",""diffMin"":3},{""station"":""Charny"",""code"":""CHNY"",""estimated"":""2024-04-30T12:48:57Z"",""scheduled"":""2024-04-30T12:42:00Z"",""eta"":""ARR"",""arrival"":{""estimated"":""2024-04-30T12:48:57Z"",""scheduled"":""2024-04-30T12:42:00Z""},""departure"":{""estimated"":""2024-04-30T12:48:57Z"",""scheduled"":""2024-04-30T12:44:00Z""},""diff"":""med"",""diffMin"":6},{""station"":""Drummondville"",""code"":""DRMV"",""estimated"":""2024-04-30T14:24:35Z"",""scheduled"":""2024-04-30T14:16:00Z"",""eta"":""ARR"",""arrival"":{""estimated"":""2024-04-30T14:24:35Z"",""scheduled"":""2024-04-30T14:16:00Z""},""departure"":{""estimated"":""2024-04-30T14:24:35Z"",""scheduled"":""2024-04-30T14:19:00Z""},""diff"":""med"",""diffMin"":8},{""station"":""St. Hyacinthe"",""code"":""SHYA"",""estimated"":""2024-04-30T15:02:02Z"",""scheduled"":""2024-04-30T14:46:00Z"",""eta"":""ARR"",""arrival"":{""estimated"":""2024-04-30T15:02:02Z"",""scheduled"":""2024-04-30T14:46:00Z""},""departure"":{""estimated"":""2024-04-30T15:02:02Z"",""scheduled"":""2024-04-30T14:48:00Z""},""diff"":""bad"",""diffMin"":16},{""station"":""St. Lambert"",""code"":""SLAM"",""estimated"":""2024-04-30T15:37:05Z"",""scheduled"":""2024-04-30T15:13:00Z"",""eta"":""ARR"",""arrival"":{""estimated"":""2024-04-30T15:37:05Z"",""scheduled"":""2024-04-30T15:13:00Z""},""departure"":{""estimated"":""2024-04-30T15:37:05Z"",""scheduled"":""2024-04-30T15:15:00Z""},""diff"":""bad"",""diffMin"":24},{""station"":""Montréal"",""code"":""MTRL"",""estimated"":""2024-04-30T15:56:22Z"",""scheduled"":""2024-04-30T15:26:00Z"",""eta"":""ARR"",""arrival"":{""estimated"":""2024-04-30T15:56:22Z"",""scheduled"":""2024-04-30T15:26:00Z""},""departure"":{""estimated"":""2024-04-30T16:15:00Z"",""scheduled"":""2024-04-30T15:54:00Z""},""diff"":""bad"",""diffMin"":30},{""station"":""Dorval"",""code"":""DORV"",""estimated"":""2024-04-30T16:44:29Z"",""scheduled"":""2024-04-30T16:26:00Z"",""eta"":""ARR"",""arrival"":{""estimated"":""2024-04-30T16:44:29Z"",""scheduled"":""2024-04-30T16:26:00Z""},""departure"":{""estimated"":""2024-04-30T16:44:29Z"",""scheduled"":""2024-04-30T16:29:00Z""},""diff"":""bad"",""diffMin"":18},{""station"":""Coteau"",""code"":""COTO"",""estimated"":""2024-04-30T17:12:26Z"",""scheduled"":""2024-04-30T16:53:00Z"",""eta"":""ARR"",""arrival"":{""estimated"":""2024-04-30T17:12:26Z"",""scheduled"":""2024-04-30T16:53:00Z""},""departure"":{""estimated"":""2024-04-30T17:12:26Z"",""scheduled"":""2024-04-30T16:54:00Z""},""diff"":""bad"",""diffMin"":19},{""station"":""Alexandria"",""code"":""ALEX"",""estimated"":""2024-04-30T17:36:14Z"",""scheduled"":""2024-04-30T17:16:00Z"",""eta"":""ARR"",""arrival"":{""estimated"":""2024-04-30T17:36:14Z"",""scheduled"":""2024-04-30T17:16:00Z""},""departure"":{""estimated"":""2024-04-30T17:36:14Z"",""scheduled"":""2024-04-30T17:18:00Z""},""diff"":""bad"",""diffMin"":20},{""station"":""Casselman"",""code"":""CSLM"",""estimated"":""2024-04-30T18:00:35Z"",""scheduled"":""2024-04-30T17:39:00Z"",""eta"":""ARR"",""arrival"":{""estimated"":""2024-04-30T18:00:35Z"",""scheduled"":""2024-04-30T17:39:00Z""},""departure"":{""estimated"":""2024-04-30T18:00:35Z"",""scheduled"":""2024-04-30T17:41:00Z""},""diff"":""bad"",""diffMin"":21},{""station"":""Ottawa"",""code"":""OTTW"",""estimated"":""2024-04-30T18:26:58Z"",""scheduled"":""2024-04-30T18:07:00Z"",""eta"":""ARR"",""arrival"":{""estimated"":""2024-04-30T18:26:58Z"",""scheduled"":""2024-04-30T18:07:00Z""},""diff"":""bad"",""diffMin"":19}]"
"24",true,true,"OTTAWA","QUÉBEC","2024-04-30","[{""station"":""Ottawa"",""code"":""OTTW"",""estimated"":""2024-04-30T14:15:00Z"",""scheduled"":""2024-04-30T14:15:00Z"",""eta"":""ARR"",""departure"":{""estimated"":""2024-04-30T14:15:00Z"",""scheduled"":""2024-04-30T14:15:00Z""},""diff"":""goo"",""diffMin"":0},{""station"":""Alexandria"",""code"":""ALEX"",""estimated"":""2024-04-30T15:10:44Z"",""scheduled"":""2024-04-30T15:07:00Z"",""eta"":""ARR"",""arrival"":{""estimated"":""2024-04-30T15:10:44Z"",""scheduled"":""2024-04-30T15:07:00Z""},""departure"":{""estimated"":""2024-04-30T15:10:44Z"",""scheduled"":""2024-04-30T15:09:00Z""},""diff"":""goo"",""diffMin"":3},{""station"":""Coteau"",""code"":""COTO"",""estimated"":""2024-04-30T15:32:34Z"",""scheduled"":""2024-04-30T15:30:00Z"",""eta"":""ARR"",""arrival"":{""estimated"":""2024-04-30T15:32:34Z"",""scheduled"":""2024-04-30T15:30:00Z""},""departure"":{""estimated"":""2024-04-30T15:32:34Z"",""scheduled"":""2024-04-30T15:31:00Z""},""diff"":""goo"",""diffMin"":2},{""station"":""Dorval"",""code"":""DORV"",""estimated"":""2024-04-30T15:59:20Z"",""scheduled"":""2024-04-30T15:53:00Z"",""eta"":""ARR"",""arrival"":{""estimated"":""2024-04-30T15:59:20Z"",""scheduled"":""2024-04-30T15:53:00Z""},""departure"":{""estimated"":""2024-04-30T15:59:20Z"",""scheduled"":""2024-04-30T15:55:00Z""},""diff"":""med"",""diffMin"":6},{""station"":""Montréal"",""code"":""MTRL"",""estimated"":""2024-04-30T16:28:59Z"",""scheduled"":""2024-04-30T16:15:00Z"",""eta"":""ARR"",""arrival"":{""estimated"":""2024-04-30T16:28:59Z"",""scheduled"":""2024-04-30T16:15:00Z""},""departure"":{""estimated"":""2024-04-30T16:50:00Z"",""scheduled"":""2024-04-30T16:45:00Z""},""diff"":""med"",""diffMin"":13},{""station"":""St. Lambert"",""code"":""SLAM"",""estimated"":""2024-04-30T17:05:08Z"",""scheduled"":""2024-04-30T17:06:00Z"",""eta"":""ARR"",""arrival"":{""estimated"":""2024-04-30T17:05:08Z"",""scheduled"":""2024-04-30T17:06:00Z""},""departure"":{""estimated"":""2024-04-30T17:06:25Z"",""scheduled"":""2024-04-30T17:08:00Z""},""diff"":""goo"",""diffMin"":0},{""station"":""St. Hyacinthe"",""code"":""SHYA"",""estimated"":""2024-04-30T17:36:48Z"",""scheduled"":""2024-04-30T17:34:00Z"",""eta"":""ARR"",""arrival"":{""estimated"":""2024-04-30T17:36:48Z"",""scheduled"":""2024-04-30T17:34:00Z""},""departure"":{""estimated"":""2024-04-30T17:36:48Z"",""scheduled"":""2024-04-30T17:35:00Z""},""diff"":""goo"",""diffMin"":2},{""station"":""Drummondville"",""code"":""DRMV"",""estimated"":""2024-04-30T18:04:44Z"",""scheduled"":""2024-04-30T18:01:00Z"",""eta"":""ARR"",""arrival"":{""estimated"":""2024-04-30T18:04:44Z"",""scheduled"":""2024-04-30T18:01:00Z""},""departure"":{""estimated"":""2024-04-30T18:04:44Z"",""scheduled"":""2024-04-30T18:03:00Z""},""diff"":""goo"",""diffMin"":3},{""station"":""Charny"",""code"":""CHNY"",""estimated"":""2024-04-30T19:57:38Z"",""scheduled"":""2024-04-30T19:45:00Z"",""eta"":""ARR"",""arrival"":{""estimated"":""2024-04-30T19:57:38Z"",""scheduled"":""2024-04-30T19:45:00Z""},""departure"":{""estimated"":""2024-04-30T19:57:38Z"",""scheduled"":""2024-04-30T19:46:00Z""},""diff"":""med"",""diffMin"":12},{""station"":""Ste-Foy"",""code"":""SFOY"",""estimated"":""2024-04-30T20:09:35Z"",""scheduled"":""2024-04-30T19:52:00Z"",""eta"":""ARR"",""arrival"":{""estimated"":""2024-04-30T20:09:35Z"",""scheduled"":""2024-04-30T19:52:00Z""},""departure"":{""estimated"":""2024-04-30T20:09:35Z"",""scheduled"":""2024-04-30T19:54:00Z""},""diff"":""bad"",""diffMin"":17},{""station"":""Québec"",""code"":""QBEC"",""estimated"":""2024-04-30T20:39:46Z"",""scheduled"":""2024-04-30T20:18:00Z"",""eta"":""ARR"",""arrival"":{""estimated"":""2024-04-30T20:39:46Z"",""scheduled"":""2024-04-30T20:18:00Z""},""diff"":""bad"",""diffMin"":21}]"
"52",true,true,"TORONTO","OTTAWA","2024-04-30","[{""station"":""Toronto"",""code"":""TRTO"",""estimated"":""2024-04-30T12:32:00Z"",""scheduled"":""2024-04-30T12:32:00Z"",""eta"":""ARR"",""departure"":{""estimated"":""2024-04-30T12:32:00Z"",""scheduled"":""2024-04-30T12:32:00Z""},""diff"":""goo"",""diffMin"":0},{""station"":""Guildwood"",""code"":""GUIL"",""estimated"":""2024-04-30T12:50:29Z"",""scheduled"":""2024-04-30T12:51:00Z"",""eta"":""ARR"",""arrival"":{""estimated"":""2024-04-30T12:50:29Z"",""scheduled"":""2024-04-30T12:51:00Z""},""departure"":{""estimated"":""2024-04-30T12:52:44Z"",""scheduled"":""2024-04-30T12:52:00Z""},""diff"":""goo"",""diffMin"":0},{""station"":""Oshawa"",""code"":""OSHA"",""estimated"":""2024-04-30T13:11:18Z"",""scheduled"":""2024-04-30T13:08:00Z"",""eta"":""ARR"",""arrival"":{""estimated"":""2024-04-30T13:11:18Z"",""scheduled"":""2024-04-30T13:08:00Z""},""departure"":{""estimated"":""2024-04-30T13:11:18Z"",""scheduled"":""2024-04-30T13:11:00Z""},""diff"":""goo"",""diffMin"":3},{""station"":""Cobourg"",""code"":""CBRG"",""estimated"":""2024-04-30T13:45:27Z"",""scheduled"":""2024-04-30T13:41:00Z"",""eta"":""ARR"",""arrival"":{""estimated"":""2024-04-30T13:45:27Z"",""scheduled"":""2024-04-30T13:41:00Z""},""departure"":{""estimated"":""2024-04-30T13:45:27Z"",""scheduled"":""2024-04-30T13:43:00Z""},""diff"":""goo"",""diffMin"":4},{""station"":""Belleville"",""code"":""BLVL"",""estimated"":""2024-04-30T14:21:05Z"",""scheduled"":""2024-04-30T14:17:00Z"",""eta"":""ARR"",""arrival"":{""estimated"":""2024-04-30T14:21:05Z"",""scheduled"":""2024-04-30T14:17:00Z""},""departure"":{""estimated"":""2024-04-30T14:21:05Z"",""scheduled"":""2024-04-30T14:18:00Z""},""diff"":""goo"",""diffMin"":4},{""station"":""Kingston"",""code"":""KGON"",""estimated"":""2024-04-30T15:10:17Z"",""scheduled"":""2024-04-30T14:53:00Z"",""eta"":""ARR"",""arrival"":{""estimated"":""2024-04-30T15:10:17Z"",""scheduled"":""2024-04-30T14:53:00Z""},""departure"":{""estimated"":""2024-04-30T15:10:17Z"",""scheduled"":""2024-04-30T14:57:00Z""},""diff"":""bad"",""diffMin"":17},{""station"":""Brockville"",""code"":""BRKV"",""estimated"":""2024-04-30T16:07:24Z"",""scheduled"":""2024-04-30T15:51:00Z"",""eta"":""ARR"",""arrival"":{""estimated"":""2024-04-30T16:07:24Z"",""scheduled"":""2024-04-30T15:51:00Z""},""departure"":{""estimated"":""2024-04-30T16:07:24Z"",""scheduled"":""2024-04-30T15:53:00Z""},""diff"":""bad"",""diffMin"":16},{""station"":""Smiths Falls"",""code"":""SMTF"",""estimated"":""2024-04-30T16:39:25Z"",""scheduled"":""2024-04-30T16:22:01Z"",""eta"":""ARR"",""arrival"":{""estimated"":""2024-04-30T16:39:25Z"",""scheduled"":""2024-04-30T16:22:01Z""},""departure"":{""estimated"":""2024-04-30T16:39:25Z"",""scheduled"":""2024-04-30T16:23:00Z""},""diff"":""bad"",""diffMin"":17},{""station"":""Fallowfield"",""code"":""FALL"",""estimated"":""2024-04-30T17:08:27Z"",""scheduled"":""2024-04-30T17:04:00Z"",""eta"":""ARR"",""arrival"":{""estimated"":""2024-04-30T17:08:27Z"",""scheduled"":""2024-04-30T17:04:00Z""},""departure"":{""estimated"":""2024-04-30T17:08:27Z"",""scheduled"":""2024-04-30T17:08:00Z""},""diff"":""goo"",""diffMin"":4},{""station"":""Ottawa"",""code"":""OTTW"",""estimated"":""2024-04-30T17:26:55Z"",""scheduled"":""2024-04-30T17:25:00Z"",""eta"":""ARR"",""arrival"":{""estimated"":""2024-04-30T17:26:55Z"",""scheduled"":""2024-04-30T17:25:00Z""},""diff"":""goo"",""diffMin"":1}]"
"62",true,true,"TORONTO","MONTRÉAL","2024-04-30","[{""station"":""Toronto"",""code"":""TRTO"",""estimated"":""2024-04-30T12:32:40Z"",""scheduled"":""2024-04-30T12:32:00Z"",""eta"":""ARR"",""departure"":{""estimated"":""2024-04-30T12:32:40Z"",""scheduled"":""2024-04-30T12:32:00Z""},""diff"":""goo"",""diffMin"":0},{""station"":""Guildwood"",""code"":""GUIL"",""estimated"":""2024-04-30T12:50:19Z"",""scheduled"":""2024-04-30T12:51:00Z"",""eta"":""ARR"",""arrival"":{""estimated"":""2024-04-30T12:50:19Z"",""scheduled"":""2024-04-30T12:51:00Z""},""departure"":{""estimated"":""2024-04-30T12:52:40Z"",""scheduled"":""2024-04-30T12:52:00Z""},""diff"":""goo"",""diffMin"":0},{""station"":""Oshawa"",""code"":""OSHA"",""estimated"":""2024-04-30T13:11:11Z"",""scheduled"":""2024-04-30T13:08:00Z"",""eta"":""ARR"",""arrival"":{""estimated"":""2024-04-30T13:11:11Z"",""scheduled"":""2024-04-30T13:08:00Z""},""departure"":{""estimated"":""2024-04-30T13:11:11Z"",""scheduled"":""2024-04-30T13:11:00Z""},""diff"":""goo"",""diffMin"":3},{""station"":""Cobourg"",""code"":""CBRG"",""estimated"":""2024-04-30T13:45:12Z"",""scheduled"":""2024-04-30T13:41:00Z"",""eta"":""ARR"",""arrival"":{""estimated"":""2024-04-30T13:45:12Z"",""scheduled"":""2024-04-30T13:41:00Z""},""departure"":{""estimated"":""2024-04-30T13:45:12Z"",""scheduled"":""2024-04-30T13:43:00Z""},""diff"":""goo"",""diffMin"":4},{""station"":""Belleville"",""code"":""BLVL"",""estimated"":""2024-04-30T14:20:54Z"",""scheduled"":""2024-04-30T14:17:00Z"",""eta"":""ARR"",""arrival"":{""estimated"":""2024-04-30T14:20:54Z"",""scheduled"":""2024-04-30T14:17:00Z""},""departure"":{""estimated"":""2024-04-30T14:20:54Z"",""scheduled"":""2024-04-30T14:18:00Z""},""diff"":""goo"",""diffMin"":3},{""station"":""Kingston"",""code"":""KGON"",""estimated"":""2024-04-30T15:10:14Z"",""scheduled"":""2024-04-30T14:53:00Z"",""eta"":""ARR"",""arrival"":{""estimated"":""2024-04-30T15:10:14Z"",""scheduled"":""2024-04-30T14:53:00Z""},""departure"":{""estimated"":""2024-04-30T15:10:14Z"",""scheduled"":""2024-04-30T14:57:00Z""},""diff"":""bad"",""diffMin"":17},{""station"":""Cornwall"",""code"":""CWLL"",""estimated"":""2024-04-30T16:43:59Z"",""scheduled"":""2024-04-30T16:33:00Z"",""eta"":""ARR"",""arrival"":{""estimated"":""2024-04-30T16:43:59Z"",""scheduled"":""2024-04-30T16:33:00Z""},""departure"":{""estimated"":""2024-04-30T16:43:59Z"",""scheduled"":""2024-04-30T16:35:00Z""},""diff"":""med"",""diffMin"":10},{""station"":""Dorval"",""code"":""DORV"",""estimated"":""2024-04-30T17:38:14Z"",""scheduled"":""2024-04-30T17:22:00Z"",""eta"":""ARR"",""arrival"":{""estimated"":""2024-04-30T17:38:14Z"",""scheduled"":""2024-04-30T17:22:00Z""},""departure"":{""estimated"":""2024-04-30T17:38:14Z"",""scheduled"":""2024-04-30T17:24:00Z""},""diff"":""bad"",""diffMin"":16},{""station"":""Montréal"",""code"":""MTRL"",""estimated"":""2024-04-30T18:03:15Z"",""scheduled"":""2024-04-30T17:44:00Z"",""eta"":""ARR"",""arrival"":{""estimated"":""2024-04-30T18:03:15Z"",""scheduled"":""2024-04-30T17:44:00Z""},""diff"":""bad"",""diffMin"":19}]"
"31",true,true,"MONTRÉAL","OTTAWA","2024-04-30","[{""station"":""Montréal"",""code"":""MTRL"",""estimated"":""2024-04-30T10:20:00Z"",""scheduled"":""2024-04-30T10:20:00Z"",""eta"":""ARR"",""departure"":{""estimated"":""2024-04-30T10:20:00Z"",""scheduled"":""2024-04-30T10:20:00Z""},""diff"":""goo"",""diffMin"":0},{""station"":""Dorval"",""code"":""DORV"",""estimated"":""2024-04-30T10:42:50Z"",""scheduled"":""2024-04-30T10:41:00Z"",""eta"":""ARR"",""arrival"":{""estimated"":""2024-04-30T10:42:50Z"",""scheduled"":""2024-04-30T10:41:00Z""},""departure"":{""estimated"":""2024-04-30T10:42:50Z"",""scheduled"":""2024-04-30T10:44:00Z""},""diff"":""goo"",""diffMin"":1},{""station"":""Alexandria"",""code"":""ALEX"",""estimated"":""2024-04-30T11:29:25Z"",""scheduled"":""2024-04-30T11:31:00Z"",""eta"":""ARR"",""arrival"":{""estimated"":""2024-04-30T11:29:25Z"",""scheduled"":""2024-04-30T11:31:00Z""},""departure"":{""estimated"":""2024-04-30T11:32:11Z"",""scheduled"":""2024-04-30T11:33:00Z""},""diff"":""goo"",""diffMin"":-1},{""station"":""Casselman"",""code"":""CSLM"",""estimated"":""2024-04-30T11:55:04Z"",""scheduled"":""2024-04-30T11:54:00Z"",""eta"":""ARR"",""arrival"":{""estimated"":""2024-04-30T11:55:04Z"",""scheduled"":""2024-04-30T11:54:00Z""},""departure"":{""estimated"":""2024-04-30T11:55:04Z"",""scheduled"":""2024-04-30T11:55:00Z""},""diff"":""goo"",""diffMin"":1},{""station"":""Ottawa"",""code"":""OTTW"",""estimated"":""2024-04-30T12:21:42Z"",""scheduled"":""2024-04-30T12:20:00Z"",""eta"":""ARR"",""arrival"":{""estimated"":""2024-04-30T12:21:42Z"",""scheduled"":""2024-04-30T12:20:00Z""},""diff"":""goo"",""diffMin"":1}]"
"84",true,true,"SARNIA","TORONTO","2024-04-30","[{""station"":""Sarnia"",""code"":""SARN"",""estimated"":""2024-04-30T13:00:00Z"",""scheduled"":""2024-04-30T12:40:00Z"",""eta"":""ARR"",""departure"":{""estimated"":""2024-04-30T13:00:00Z"",""scheduled"":""2024-04-30T12:40:00Z""},""diff"":""bad"",""diffMin"":20},{""station"":""Wyoming"",""code"":""WYOM"",""estimated"":""2024-04-30T13:25:50Z"",""scheduled"":""2024-04-30T12:55:00Z"",""eta"":""ARR"",""arrival"":{""estimated"":""2024-04-30T13:25:50Z"",""scheduled"":""2024-04-30T12:55:00Z""},""departure"":{""estimated"":""2024-04-30T13:25:50Z"",""scheduled"":""2024-04-30T12:56:00Z""},""diff"":""bad"",""diffMin"":30},{""station"":""Strathroy"",""code"":""STRR"",""estimated"":""2024-04-30T13:54:36Z"",""scheduled"":""2024-04-30T13:27:00Z"",""eta"":""ARR"",""arrival"":{""estimated"":""2024-04-30T13:54:36Z"",""scheduled"":""2024-04-30T13:27:00Z""},""departure"":{""estimated"":""2024-04-30T13:54:36Z"",""scheduled"":""2024-04-30T13:29:00Z""},""diff"":""bad"",""diffMin"":27},{""station"":""London"",""code"":""LNDN"",""estimated"":""2024-04-30T14:25:57Z"",""scheduled"":""2024-04-30T13:52:00Z"",""eta"":""ARR"",""arrival"":{""estimated"":""2024-04-30T14:25:57Z"",""scheduled"":""2024-04-30T13:52:00Z""},""departure"":{""estimated"":""2024-04-30T14:25:57Z"",""scheduled"":""2024-04-30T13:54:00Z""},""diff"":""bad"",""diffMin"":33},{""station"":""St.Marys"",""code"":""SMYS"",""estimated"":""2024-04-30T15:22:44Z"",""scheduled"":""2024-04-30T14:45:00Z"",""eta"":""ARR"",""arrival"":{""estimated"":""2024-04-30T15:22:44Z"",""scheduled"":""2024-04-30T14:45:00Z""},""departure"":{""estimated"":""2024-04-30T15:22:44Z"",""scheduled"":""2024-04-30T14:46:00Z""},""diff"":""bad"",""diffMin"":37},{""station"":""Stratford"",""code"":""STRF"",""estimated"":""2024-04-30T15:53:10Z"",""scheduled"":""2024-04-30T15:14:00Z"",""eta"":""ARR"",""arrival"":{""estimated"":""2024-04-30T15:53:10Z"",""scheduled"":""2024-04-30T15:14:00Z""},""departure"":{""estimated"":""2024-04-30T15:53:10Z"",""scheduled"":""2024-04-30T15:16:00Z""},""diff"":""bad"",""diffMin"":39},{""station"":""Kitchener"",""code"":""KITC"",""estimated"":""2024-04-30T16:39:43Z"",""scheduled"":""2024-04-30T16:02:00Z"",""eta"":""ARR"",""arrival"":{""estimated"":""2024-04-30T16:39:43Z"",""scheduled"":""2024-04-30T16:02:00Z""},""departure"":{""estimated"":""2024-04-30T16:39:43Z"",""scheduled"":""2024-04-30T16:04:00Z""},""diff"":""bad"",""diffMin"":37},{""station"":""Guelph"",""code"":""GUEL"",""estimated"":""2024-04-30T17:02:28Z"",""scheduled"":""2024-04-30T16:24:00Z"",""eta"":""ARR"",""arrival"":{""estimated"":""2024-04-30T17:02:28Z"",""scheduled"":""2024-04-30T16:24:00Z""},""departure"":{""estimated"":""2024-04-30T17:02:28Z"",""scheduled"":""2024-04-30T16:26:00Z""},""diff"":""bad"",""diffMin"":38},{""station"":""Georgetown"",""code"":""GEOR"",""estimated"":""2024-04-30T17:27:34Z"",""scheduled"":""2024-04-30T16:47:00Z"",""eta"":""ARR"",""arrival"":{""estimated"":""2024-04-30T17:27:34Z"",""scheduled"":""2024-04-30T16:47:00Z""},""departure"":{""estimated"":""2024-04-30T17:27:34Z"",""scheduled"":""2024-04-30T16:49:00Z""},""diff"":""bad"",""diffMin"":40},{""station"":""Brampton"",""code"":""BRMP"",""estimated"":""2024-04-30T17:37:23Z"",""scheduled"":""2024-04-30T16:59:00Z"",""eta"":""ARR"",""arrival"":{""estimated"":""2024-04-30T17:37:23Z"",""scheduled"":""2024-04-30T16:59:00Z""},""departure"":{""estimated"":""2024-04-30T17:37:23Z"",""scheduled"":""2024-04-30T17:01:00Z""},""diff"":""bad"",""diffMin"":38},{""station"":""Malton"",""code"":""MALT"",""estimated"":""2024-04-30T17:52:08Z"",""scheduled"":""2024-04-30T17:11:00Z"",""eta"":""ARR"",""arrival"":{""estimated"":""2024-04-30T17:52:08Z"",""scheduled"":""2024-04-30T17:11:00Z""},""departure"":{""estimated"":""2024-04-30T17:52:08Z"",""scheduled"":""2024-04-30T17:13:00Z""},""diff"":""bad"",""diffMin"":41},{""station"":""Toronto"",""code"":""TRTO"",""estimated"":""2024-04-30T18:11:13Z"",""scheduled"":""2024-04-30T17:38:00Z"",""eta"":""ARR"",""arrival"":{""estimated"":""2024-04-30T18:11:13Z"",""scheduled"":""2024-04-30T17:38:00Z""},""diff"":""bad"",""diffMin"":33}]"
"67",true,true,"MONTRÉAL","TORONTO","2024-04-30","[{""station"":""Montréal"",""code"":""MTRL"",""estimated"":""2024-04-30T17:23:00Z"",""scheduled"":""2024-04-30T17:23:00Z"",""eta"":""ARR"",""departure"":{""estimated"":""2024-04-30T17:23:00Z"",""scheduled"":""2024-04-30T17:23:00Z""},""diff"":""goo"",""diffMin"":0},{""station"":""Dorval"",""code"":""DORV"",""estimated"":""2024-04-30T17:53:26Z"",""scheduled"":""2024-04-30T17:44:00Z"",""eta"":""ARR"",""arrival"":{""estimated"":""2024-04-30T17:53:26Z"",""scheduled"":""2024-04-30T17:44:00Z""},""departure"":{""estimated"":""2024-04-30T17:53:26Z"",""scheduled"":""2024-04-30T17:47:00Z""},""diff"":""med"",""diffMin"":9},{""station"":""Cornwall"",""code"":""CWLL"",""estimated"":""2024-04-30T18:45:43Z"",""scheduled"":""2024-04-30T18:29:00Z"",""eta"":""ARR"",""arrival"":{""estimated"":""2024-04-30T18:45:43Z"",""scheduled"":""2024-04-30T18:29:00Z""},""departure"":{""estimated"":""2024-04-30T18:45:43Z"",""scheduled"":""2024-04-30T18:31:00Z""},""diff"":""bad"",""diffMin"":16},{""station"":""Kingston"",""code"":""KGON"",""estimated"":""2024-04-30T20:11:28Z"",""scheduled"":""2024-04-30T19:46:00Z"",""eta"":""ARR"",""arrival"":{""estimated"":""2024-04-30T20:11:28Z"",""scheduled"":""2024-04-30T19:46:00Z""},""departure"":{""estimated"":""2024-04-30T20:11:28Z"",""scheduled"":""2024-04-30T19:50:00Z""},""diff"":""bad"",""diffMin"":25},{""station"":""Belleville"",""code"":""BLVL"",""estimated"":""2024-04-30T20:55:24Z"",""scheduled"":""2024-04-30T20:22:00Z"",""eta"":""ARR"",""arrival"":{""estimated"":""2024-04-30T20:55:24Z"",""scheduled"":""2024-04-30T20:22:00Z""},""departure"":{""estimated"":""2024-04-30T20:55:24Z"",""scheduled"":""2024-04-30T20:24:00Z""},""diff"":""bad"",""diffMin"":33},{""station"":""Cobourg"",""code"":""CBRG"",""estimated"":""2024-04-30T21:28:39Z"",""scheduled"":""2024-04-30T20:52:00Z"",""eta"":""ARR"",""arrival"":{""estimated"":""2024-04-30T21:28:39Z"",""scheduled"":""2024-04-30T20:52:00Z""},""departure"":{""estimated"":""2024-04-30T21:28:39Z"",""scheduled"":""2024-04-30T20:54:00Z""},""diff"":""bad"",""diffMin"":36},{""station"":""Oshawa"",""code"":""OSHA"",""estimated"":""2024-04-30T22:02:38Z"",""scheduled"":""2024-04-30T21:54:00Z"",""eta"":""ARR"",""arrival"":{""estimated"":""2024-04-30T22:02:38Z"",""scheduled"":""2024-04-30T21:54:00Z""},""departure"":{""estimated"":""2024-04-30T22:02:38Z"",""scheduled"":""2024-04-30T21:56:00Z""},""diff"":""med"",""diffMin"":8},{""station"":""Toronto"",""code"":""TRTO"",""estimated"":""2024-04-30T22:45:40Z"",""scheduled"":""2024-04-30T22:33:00Z"",""eta"":""ARR"",""arrival"":{""estimated"":""2024-04-30T22:45:40Z"",""scheduled"":""2024-04-30T22:33:00Z""},""diff"":""med"",""diffMin"":12}]"
"604",true,true,"SENNETERRE","MONTRÉAL","2024-04-30","[{""station"":""Senneterre"",""code"":""SENN"",""estimated"":""2024-04-30T10:28:05Z"",""scheduled"":""2024-04-30T10:28:00Z"",""eta"":""ARR"",""departure"":{""estimated"":""2024-04-30T10:28:05Z"",""scheduled"":""2024-04-30T10:28:00Z""},""diff"":""goo"",""diffMin"":0},{""station"":""Mégiscane"",""code"":""MEGI"",""estimated"":""2024-04-30T10:43:32Z"",""scheduled"":""2024-04-30T10:42:00Z"",""eta"":""ARR"",""arrival"":{""estimated"":""2024-04-30T10:43:32Z"",""scheduled"":""2024-04-30T10:42:00Z""},""departure"":{""estimated"":""2024-04-30T10:43:32Z"",""scheduled"":""2024-04-30T10:42:02Z""},""diff"":""goo"",""diffMin"":1},{""station"":""Signai"",""code"":""SIGN"",""estimated"":""2024-04-30T10:58:43Z"",""scheduled"":""2024-04-30T10:58:00Z"",""eta"":""ARR"",""arrival"":{""estimated"":""2024-04-30T10:58:43Z"",""scheduled"":""2024-04-30T10:58:00Z""},""departure"":{""estimated"":""2024-04-30T10:58:43Z"",""scheduled"":""2024-04-30T10:58:02Z""},""diff"":""goo"",""diffMin"":0},{""station"":""Press"",""code"":""PRSS"",""estimated"":""2024-04-30T11:25:24Z"",""scheduled"":""2024-04-30T11:06:00Z"",""eta"":""ARR"",""arrival"":{""estimated"":""2024-04-30T11:25:24Z"",""scheduled"":""2024-04-30T11:06:00Z""},""departure"":{""estimated"":""2024-04-30T11:25:24Z"",""scheduled"":""2024-04-30T11:06:02Z""},""diff"":""bad"",""diffMin"":19},{""station"":""Forsythe"",""code"":""FORS"",""estimated"":""2024-04-30T11:44:24Z"",""scheduled"":""2024-04-30T11:25:00Z"",""eta"":""ARR"",""arrival"":{""estimated"":""2024-04-30T11:44:24Z"",""scheduled"":""2024-04-30T11:25:00Z""},""departure"":{""estimated"":""2024-04-30T11:44:24Z"",""scheduled"":""2024-04-30T11:25:02Z""},""diff"":""bad"",""diffMin"":19},{""station"":""Bolger"",""code"":""BGQU"",""estimated"":""2024-04-30T11:51:24Z"",""scheduled"":""2024-04-30T11:32:00Z"",""eta"":""ARR"",""arrival"":{""estimated"":""2024-04-30T11:51:24Z"",""scheduled"":""2024-04-30T11:32:00Z""},""departure"":{""estimated"":""2024-04-30T11:51:24Z"",""scheduled"":""2024-04-30T11:32:02Z""},""diff"":""bad"",""diffMin"":19},{""station"":""Dix"",""code"":""DIXX"",""estimated"":""2024-04-30T12:16:04Z"",""scheduled"":""2024-04-30T11:43:00Z"",""eta"":""ARR"",""arrival"":{""estimated"":""2024-04-30T12:16:04Z"",""scheduled"":""2024-04-30T11:43:00Z""},""departure"":{""estimated"":""2024-04-30T12:16:04Z"",""scheduled"":""2024-04-30T11:43:02Z""},""diff"":""bad"",""diffMin"":33},{""station"":""Gagnon"",""code"":""GAGN"",""estimated"":""2024-04-30T12:20:04Z"",""scheduled"":""2024-04-30T11:47:00Z"",""eta"":""ARR"",""arrival"":{""estimated"":""2024-04-30T12:20:04Z"",""scheduled"":""2024-04-30T11:47:00Z""},""departure"":{""estimated"":""2024-04-30T12:20:04Z"",""scheduled"":""2024-04-30T11:47:02Z""},""diff"":""bad"",""diffMin"":33},{""station"":""Da-Rou-Lac Lodge"",""code"":""DRLL"",""estimated"":""2024-04-30T12:29:04Z"",""scheduled"":""2024-04-30T11:56:00Z"",""eta"":""ARR"",""arrival"":{""estimated"":""2024-04-30T12:29:04Z"",""scheduled"":""2024-04-30T11:56:00Z""},""departure"":{""estimated"":""2024-04-30T12:29:04Z"",""scheduled"":""2024-04-30T11:56:02Z""},""diff"":""bad"",""diffMin"":33},{""station"":""Langlade"",""code"":""LNGL"",""estimated"":""2024-04-30T12:30:10Z"",""scheduled"":""2024-04-30T11:57:06Z"",""eta"":""ARR"",""arrival"":{""estimated"":""2024-04-30T12:30:10Z"",""scheduled"":""2024-04-30T11:57:06Z""},""departure"":{""estimated"":""2024-04-30T12:30:10Z"",""scheduled"":""2024-04-30T11:57:07Z""},""diff"":""bad"",""diffMin"":33},{""station"":""Club Beaudin Inc."",""code"":""BDNC"",""estimated"":""2024-04-30T12:37:04Z"",""scheduled"":""2024-04-30T12:04:00Z"",""eta"":""ARR"",""arrival"":{""estimated"":""2024-04-30T12:37:04Z"",""scheduled"":""2024-04-30T12:04:00Z""},""departure"":{""estimated"":""2024-04-30T12:37:04Z"",""scheduled"":""2024-04-30T12:04:02Z""},""diff"":""bad"",""diffMin"":33},{""station"":""Bourmont"",""code"":""BRMT"",""estimated"":""2024-04-30T12:42:04Z"",""scheduled"":""2024-04-30T12:09:00Z"",""eta"":""ARR"",""arrival"":{""estimated"":""2024-04-30T12:42:04Z"",""scheduled"":""2024-04-30T12:09:00Z""},""departure"":{""estimated"":""2024-04-30T12:42:04Z"",""scheduled"":""2024-04-30T12:09:02Z""},""diff"":""bad"",""diffMin"":33},{""station"":""Club Kapitachuan"",""code"":""KPTC"",""estimated"":""2024-04-30T12:44:04Z"",""scheduled"":""2024-04-30T12:11:00Z"",""eta"":""ARR"",""arrival"":{""estimated"":""2024-04-30T12:44:04Z"",""scheduled"":""2024-04-30T12:11:00Z""},""departure"":{""estimated"":""2024-04-30T12:44:04Z"",""scheduled"":""2024-04-30T12:11:02Z""},""diff"":""bad"",""diffMin"":33},{""station"":""Consolidated Bathurst"",""code"":""CBAT"",""estimated"":""2024-04-30T12:48:04Z"",""scheduled"":""2024-04-30T12:15:00Z"",""eta"":""ARR"",""arrival"":{""estimated"":""2024-04-30T12:48:04Z"",""scheduled"":""2024-04-30T12:15:00Z""},""departure"":{""estimated"":""2024-04-30T12:48:04Z"",""scheduled"":""2024-04-30T12:15:02Z""},""diff"":""bad"",""diffMin"":33},{""station"":""Monet"",""code"":""MNET"",""estimated"":""2024-04-30T12:55:04Z"",""scheduled"":""2024-04-30T12:22:00Z"",""eta"":""ARR"",""arrival"":{""estimated"":""2024-04-30T12:55:04Z"",""scheduled"":""2024-04-30T12:22:00Z""},""departure"":{""estimated"":""2024-04-30T12:55:04Z"",""scheduled"":""2024-04-30T12:22:02Z""},""diff"":""bad"",""diffMin"":33},{""station"":""Coquar"",""code"":""COQU"",""estimated"":""2024-04-30T13:06:04Z"",""scheduled"":""2024-04-30T12:33:00Z"",""eta"":""ARR"",""arrival"":{""estimated"":""2024-04-30T13:06:04Z"",""scheduled"":""2024-04-30T12:33:00Z""},""departure"":{""estimated"":""2024-04-30T13:06:04Z"",""scheduled"":""2024-04-30T12:33:02Z""},""diff"":""bad"",""diffMin"":33},{""station"":""Clova"",""code"":""CLOV"",""estimated"":""2024-04-30T13:08:23Z"",""scheduled"":""2024-04-30T12:42:00Z"",""eta"":""ARR"",""arrival"":{""estimated"":""2024-04-30T13:08:23Z"",""scheduled"":""2024-04-30T12:42:00Z""},""departure"":{""estimated"":""2024-04-30T13:08:23Z"",""scheduled"":""2024-04-30T12:45:00Z""},""diff"":""bad"",""diffMin"":26},{""station"":""Rivière Oskélanéo"",""code"":""OSKR"",""estimated"":""2024-04-30T13:18:23Z"",""scheduled"":""2024-04-30T12:55:00Z"",""eta"":""ARR"",""arrival"":{""estimated"":""2024-04-30T13:18:23Z"",""scheduled"":""2024-04-30T12:55:00Z""},""departure"":{""estimated"":""2024-04-30T13:18:23Z"",""scheduled"":""2024-04-30T12:55:02Z""},""diff"":""bad"",""diffMin"":23},{""station"":""Oskelaneo Lodge"",""code"":""OSKL"",""estimated"":""2024-04-30T13:30:23Z"",""scheduled"":""2024-04-30T13:07:00Z"",""eta"":""ARR"",""arrival"":{""estimated"":""2024-04-30T13:30:23Z"",""scheduled"":""2024-04-30T13:07:00Z""},""departure"":{""estimated"":""2024-04-30T13:30:23Z"",""scheduled"":""2024-04-30T13:07:02Z""},""diff"":""bad"",""diffMin"":23},{""station"":""Greening"",""code"":""GRNG"",""estimated"":""2024-04-30T13:38:23Z"",""scheduled"":""2024-04-30T13:15:00Z"",""eta"":""ARR"",""arrival"":{""estimated"":""2024-04-30T13:38:23Z"",""scheduled"":""2024-04-30T13:15:00Z""},""departure"":{""estimated"":""2024-04-30T13:38:23Z"",""scheduled"":""2024-04-30T13:15:02Z""},""diff"":""bad"",""diffMin"":23},{""station"":""Club Maniwawa"",""code"":""MWWC"",""estimated"":""2024-04-30T13:49:23Z"",""scheduled"":""2024-04-30T13:26:00Z"",""eta"":""ARR"",""arrival"":{""estimated"":""2024-04-30T13:49:23Z"",""scheduled"":""2024-04-30T13:26:00Z""},""departure"":{""estimated"":""2024-04-30T13:49:23Z"",""scheduled"":""2024-04-30T13:26:02Z""},""diff"":""bad"",""diffMin"":23},{""station"":""Strachan"",""code"":""STRN"",""estimated"":""2024-04-30T13:56:23Z"",""scheduled"":""2024-04-30T13:33:00Z"",""eta"":""ARR"",""arrival"":{""estimated"":""2024-04-30T13:56:23Z"",""scheduled"":""2024-04-30T13:33:00Z""},""departure"":{""estimated"":""2024-04-30T13:56:23Z"",""scheduled"":""2024-04-30T13:33:02Z""},""diff"":""bad"",""diffMin"":23},{""station"":""Club Rita Inc."",""code"":""RTAC"",""estimated"":""2024-04-30T14:00:23Z"",""scheduled"":""2024-04-30T13:37:00Z"",""eta"":""ARR"",""arrival"":{""estimated"":""2024-04-30T14:00:23Z"",""scheduled"":""2024-04-30T13:37:00Z""},""departure"":{""estimated"":""2024-04-30T14:00:23Z"",""scheduled"":""2024-04-30T13:37:02Z""},""diff"":""bad"",""diffMin"":23},{""station"":""Timbrell"",""code"":""TIMB"",""estimated"":""2024-04-30T14:10:23Z"",""scheduled"":""2024-04-30T13:47:00Z"",""eta"":""ARR"",""arrival"":{""estimated"":""2024-04-30T14:10:23Z"",""scheduled"":""2024-04-30T13:47:00Z""},""departure"":{""estimated"":""2024-04-30T14:10:23Z"",""scheduled"":""2024-04-30T13:47:02Z""},""diff"":""bad"",""diffMin"":23},{""station"":""Parent"",""code"":""PARE"",""estimated"":""2024-04-30T14:30:23Z"",""scheduled"":""2024-04-30T14:07:00Z"",""eta"":""ARR"",""arrival"":{""estimated"":""2024-04-30T14:30:23Z"",""scheduled"":""2024-04-30T14:07:00Z""},""departure"":{""estimated"":""2024-04-30T14:30:23Z"",""scheduled"":""2024-04-30T14:10:00Z""},""diff"":""bad"",""diffMin"":23},{""station"":""Manjobagues"",""code"":""MJBG"",""estimated"":""2024-04-30T14:46:49Z"",""scheduled"":""2024-04-30T14:25:00Z"",""eta"":""ARR"",""arrival"":{""estimated"":""2024-04-30T14:46:49Z"",""scheduled"":""2024-04-30T14:25:00Z""},""departure"":{""estimated"":""2024-04-30T14:46:49Z"",""scheduled"":""2024-04-30T14:25:02Z""},""diff"":""bad"",""diffMin"":21},{""station"":""Club Sisco"",""code"":""SSCC"",""estimated"":""2024-04-30T14:53:16Z"",""scheduled"":""2024-04-30T14:33:00Z"",""eta"":""ARR"",""arrival"":{""estimated"":""2024-04-30T14:53:16Z"",""scheduled"":""2024-04-30T14:33:00Z""},""departure"":{""estimated"":""2024-04-30T14:53:16Z"",""scheduled"":""2024-04-30T14:33:02Z""},""diff"":""bad"",""diffMin"":20},{""station"":""Mccarthy"",""code"":""MCCA"",""estimated"":""2024-04-30T14:56:10Z"",""scheduled"":""2024-04-30T14:36:00Z"",""eta"":""ARR"",""arrival"":{""estimated"":""2024-04-30T14:56:10Z"",""scheduled"":""2024-04-30T14:36:00Z""},""departure"":{""estimated"":""2024-04-30T14:56:10Z"",""scheduled"":""2024-04-30T14:36:02Z""},""diff"":""bad"",""diffMin"":20},{""station"":""Casey"",""code"":""CASY"",""estimated"":""2024-04-30T15:11:10Z"",""scheduled"":""2024-04-30T14:51:00Z"",""eta"":""ARR"",""arrival"":{""estimated"":""2024-04-30T15:11:10Z"",""scheduled"":""2024-04-30T14:51:00Z""},""departure"":{""estimated"":""2024-04-30T15:11:10Z"",""scheduled"":""2024-04-30T14:51:02Z""},""diff"":""bad"",""diffMin"":20},{""station"":""Hibbard"",""code"":""HIBB"",""estimated"":""2024-04-30T15:24:10Z"",""scheduled"":""2024-04-30T15:04:00Z"",""eta"":""ARR"",""arrival"":{""estimated"":""2024-04-30T15:24:10Z"",""scheduled"":""2024-04-30T15:04:00Z""},""departure"":{""estimated"":""2024-04-30T15:24:10Z"",""scheduled"":""2024-04-30T15:04:02Z""},""diff"":""bad"",""diffMin"":20},{""station"":""Club Belanger"",""code"":""BLGC"",""estimated"":""2024-04-30T15:35:10Z"",""scheduled"":""2024-04-30T15:15:00Z"",""eta"":""ARR"",""arrival"":{""estimated"":""2024-04-30T15:35:10Z"",""scheduled"":""2024-04-30T15:15:00Z""},""departure"":{""estimated"":""2024-04-30T15:35:10Z"",""scheduled"":""2024-04-30T15:15:02Z""},""diff"":""bad"",""diffMin"":20},{""station"":""Cann"",""code"":""CANN"",""estimated"":""2024-04-30T15:44:17Z"",""scheduled"":""2024-04-30T15:21:00Z"",""eta"":""ARR"",""arrival"":{""estimated"":""2024-04-30T15:44:17Z"",""scheduled"":""2024-04-30T15:21:00Z""},""departure"":{""estimated"":""2024-04-30T15:44:17Z"",""scheduled"":""2024-04-30T15:21:02Z""},""diff"":""bad"",""diffMin"":23},{""station"":""Sanmaur"",""code"":""SANM"",""estimated"":""2024-04-30T15:50:40Z"",""scheduled"":""2024-04-30T15:28:00Z"",""eta"":""ARR"",""arrival"":{""estimated"":""2024-04-30T15:50:40Z"",""scheduled"":""2024-04-30T15:28:00Z""},""departure"":{""estimated"":""2024-04-30T15:50:40Z"",""scheduled"":""2024-04-30T15:28:02Z""},""diff"":""bad"",""diffMin"":22},{""station"":""Weymont"",""code"":""WYMT"",""estimated"":""2024-04-30T15:52:40Z"",""scheduled"":""2024-04-30T15:30:00Z"",""eta"":""ARR"",""arrival"":{""estimated"":""2024-04-30T15:52:40Z"",""scheduled"":""2024-04-30T15:30:00Z""},""departure"":{""estimated"":""2024-04-30T15:52:40Z"",""scheduled"":""2024-04-30T15:31:00Z""},""diff"":""bad"",""diffMin"":22},{""station"":""Saint-Maurice Rivière-Boom"",""code"":""SMRB"",""estimated"":""2024-04-30T15:55:40Z"",""scheduled"":""2024-04-30T15:33:00Z"",""eta"":""ARR"",""arrival"":{""estimated"":""2024-04-30T15:55:40Z"",""scheduled"":""2024-04-30T15:33:00Z""},""departure"":{""estimated"":""2024-04-30T15:55:40Z"",""scheduled"":""2024-04-30T15:33:02Z""},""diff"":""bad"",""diffMin"":22},{""station"":""Dessane"",""code"":""DESS"",""estimated"":""2024-04-30T16:04:40Z"",""scheduled"":""2024-04-30T15:42:00Z"",""eta"":""ARR"",""arrival"":{""estimated"":""2024-04-30T16:04:40Z"",""scheduled"":""2024-04-30T15:42:00Z""},""departure"":{""estimated"":""2024-04-30T16:04:40Z"",""scheduled"":""2024-04-30T15:42:02Z""},""diff"":""bad"",""diffMin"":22},{""station"":""Vandry"",""code"":""VDRY"",""estimated"":""2024-04-30T16:10:40Z"",""scheduled"":""2024-04-30T15:48:00Z"",""eta"":""ARR"",""arrival"":{""estimated"":""2024-04-30T16:10:40Z"",""scheduled"":""2024-04-30T15:48:00Z""},""departure"":{""estimated"":""2024-04-30T16:10:40Z"",""scheduled"":""2024-04-30T15:48:02Z""},""diff"":""bad"",""diffMin"":22},{""station"":""Club Wigwam"",""code"":""WGWC"",""estimated"":""2024-04-30T16:19:55Z"",""scheduled"":""2024-04-30T15:56:00Z"",""eta"":""ARR"",""arrival"":{""estimated"":""2024-04-30T16:19:55Z"",""scheduled"":""2024-04-30T15:56:00Z""},""departure"":{""estimated"":""2024-04-30T16:19:55Z"",""scheduled"":""2024-04-30T15:56:02Z""},""diff"":""bad"",""diffMin"":23},{""station"":""Ferguson"",""code"":""FERG"",""estimated"":""2024-04-30T16:24:41Z"",""scheduled"":""2024-04-30T16:02:00Z"",""eta"":""ARR"",""arrival"":{""estimated"":""2024-04-30T16:24:41Z"",""scheduled"":""2024-04-30T16:02:00Z""},""departure"":{""estimated"":""2024-04-30T16:24:41Z"",""scheduled"":""2024-04-30T16:02:02Z""},""diff"":""bad"",""diffMin"":22},{""station"":""Windigo"",""code"":""WNDG"",""estimated"":""2024-04-30T16:32:41Z"",""scheduled"":""2024-04-30T16:10:00Z"",""eta"":""ARR"",""arrival"":{""estimated"":""2024-04-30T16:32:41Z"",""scheduled"":""2024-04-30T16:10:00Z""},""departure"":{""estimated"":""2024-04-30T16:32:41Z"",""scheduled"":""2024-04-30T16:10:01Z""},""diff"":""bad"",""diffMin"":22},{""station"":""Mctavish"",""code"":""MCTC"",""estimated"":""2024-04-30T16:35:41Z"",""scheduled"":""2024-04-30T16:12:00Z"",""eta"":""ARR"",""arrival"":{""estimated"":""2024-04-30T16:35:41Z"",""scheduled"":""2024-04-30T16:12:00Z""},""departure"":{""estimated"":""2024-04-30T16:35:41Z"",""scheduled"":""2024-04-30T16:12:02Z""},""diff"":""bad"",""diffMin"":23},{""station"":""Duplessis"",""code"":""DUPL"",""estimated"":""2024-04-30T16:48:41Z"",""scheduled"":""2024-04-30T16:25:00Z"",""eta"":""ARR"",""arrival"":{""estimated"":""2024-04-30T16:48:41Z"",""scheduled"":""2024-04-30T16:25:00Z""},""departure"":{""estimated"":""2024-04-30T16:48:41Z"",""scheduled"":""2024-04-30T16:25:02Z""},""diff"":""bad"",""diffMin"":23},{""station"":""Lac-Darey"",""code"":""LDAR"",""estimated"":""2024-04-30T17:00:09Z"",""scheduled"":""2024-04-30T16:38:00Z"",""eta"":""ARR"",""arrival"":{""estimated"":""2024-04-30T17:00:09Z"",""scheduled"":""2024-04-30T16:38:00Z""},""departure"":{""estimated"":""2024-04-30T17:00:09Z"",""scheduled"":""2024-04-30T16:38:02Z""},""diff"":""bad"",""diffMin"":22},{""station"":""Rapide-Blanc"",""code"":""RAPB"",""estimated"":""2024-04-30T17:20:09Z"",""scheduled"":""2024-04-30T16:58:00Z"",""eta"":""ARR"",""arrival"":{""estimated"":""2024-04-30T17:20:09Z"",""scheduled"":""2024-04-30T16:58:00Z""},""departure"":{""estimated"":""2024-04-30T17:20:09Z"",""scheduled"":""2024-04-30T16:58:02Z""},""diff"":""bad"",""diffMin"":22},{""station"":""Club Vermillion"",""code"":""VMLC"",""estimated"":""2024-04-30T17:23:09Z"",""scheduled"":""2024-04-30T17:01:00Z"",""eta"":""ARR"",""arrival"":{""estimated"":""2024-04-30T17:23:09Z"",""scheduled"":""2024-04-30T17:01:00Z""},""departure"":{""estimated"":""2024-04-30T17:23:09Z"",""scheduled"":""2024-04-30T17:01:02Z""},""diff"":""bad"",""diffMin"":22},{""station"":""Cressman"",""code"":""CRSM"",""estimated"":""2024-04-30T17:30:09Z"",""scheduled"":""2024-04-30T17:08:00Z"",""eta"":""ARR"",""arrival"":{""estimated"":""2024-04-30T17:30:09Z"",""scheduled"":""2024-04-30T17:08:00Z""},""departure"":{""estimated"":""2024-04-30T17:30:09Z"",""scheduled"":""2024-04-30T17:08:02Z""},""diff"":""bad"",""diffMin"":22},{""station"":""Fitzpatrick"",""code"":""FITZ"",""estimated"":""2024-04-30T17:48:54Z"",""scheduled"":""2024-04-30T17:28:00Z"",""eta"":""ARR"",""arrival"":{""estimated"":""2024-04-30T17:48:54Z"",""scheduled"":""2024-04-30T17:28:00Z""},""departure"":{""estimated"":""2024-04-30T17:48:54Z"",""scheduled"":""2024-04-30T17:29:00Z""},""diff"":""bad"",""diffMin"":20},{""station"":""La Tuque"",""code"":""LTUQ"",""estimated"":""2024-04-30T18:07:29Z"",""scheduled"":""2024-04-30T17:40:00Z"",""eta"":""ARR"",""arrival"":{""estimated"":""2024-04-30T18:07:29Z"",""scheduled"":""2024-04-30T17:40:00Z""},""departure"":{""estimated"":""2024-04-30T18:07:29Z"",""scheduled"":""2024-04-30T17:50:00Z""},""diff"":""bad"",""diffMin"":27},{""station"":""Hervey"",""code"":""HERV"",""estimated"":""2024-04-30T19:36:37Z"",""scheduled"":""2024-04-30T19:15:00Z"",""eta"":""ARR"",""arrival"":{""estimated"":""2024-04-30T19:36:37Z"",""scheduled"":""2024-04-30T19:15:00Z""},""departure"":{""estimated"":""2024-04-30T19:36:37Z"",""scheduled"":""2024-04-30T19:30:00Z""},""diff"":""bad"",""diffMin"":21},{""station"":""Saint-Tite"",""code"":""STIT"",""estimated"":""2024-04-30T20:15:58Z"",""scheduled"":""2024-04-30T19:48:00Z"",""eta"":""ARR"",""arrival"":{""estimated"":""2024-04-30T20:15:58Z"",""scheduled"":""2024-04-30T19:48:00Z""},""departure"":{""estimated"":""2024-04-30T20:15:58Z"",""scheduled"":""2024-04-30T19:49:00Z""},""diff"":""bad"",""diffMin"":27},{""station"":""Garneau"",""code"":""GARN"",""estimated"":""2024-04-30T20:29:51Z"",""scheduled"":""2024-04-30T20:02:00Z"",""eta"":""ARR"",""arrival"":{""estimated"":""2024-04-30T20:29:51Z"",""scheduled"":""2024-04-30T20:02:00Z""},""departure"":{""estimated"":""2024-04-30T20:29:51Z"",""scheduled"":""2024-04-30T20:04:00Z""},""diff"":""bad"",""diffMin"":27},{""station"":""Grand-Mère"",""code"":""GMRE"",""estimated"":""2024-04-30T20:40:49Z"",""scheduled"":""2024-04-30T20:15:00Z"",""eta"":""ARR"",""arrival"":{""estimated"":""2024-04-30T20:40:49Z"",""scheduled"":""2024-04-30T20:15:00Z""},""departure"":{""estimated"":""2024-04-30T20:40:49Z"",""scheduled"":""2024-04-30T20:15:02Z""},""diff"":""bad"",""diffMin"":25},{""station"":""Shawinigan"",""code"":""SHWN"",""estimated"":""2024-04-30T20:47:54Z"",""scheduled"":""2024-04-30T20:23:00Z"",""eta"":""ARR"",""arrival"":{""estimated"":""2024-04-30T20:47:54Z"",""scheduled"":""2024-04-30T20:23:00Z""},""departure"":{""estimated"":""2024-04-30T20:47:54Z"",""scheduled"":""2024-04-30T20:27:00Z""},""diff"":""bad"",""diffMin"":24},{""station"":""Charette"",""code"":""CHRT"",""estimated"":""2024-04-30T21:17:40Z"",""scheduled"":""2024-04-30T20:46:00Z"",""eta"":""ARR"",""arrival"":{""estimated"":""2024-04-30T21:17:40Z"",""scheduled"":""2024-04-30T20:46:00Z""},""departure"":{""estimated"":""2024-04-30T21:17:40Z"",""scheduled"":""2024-04-30T20:47:00Z""},""diff"":""bad"",""diffMin"":31},{""station"":""St-Paulin"",""code"":""SPAU"",""estimated"":""2024-04-30T21:42:07Z"",""scheduled"":""2024-04-30T20:55:00Z"",""eta"":""ARR"",""arrival"":{""estimated"":""2024-04-30T21:42:07Z"",""scheduled"":""2024-04-30T20:55:00Z""},""departure"":{""estimated"":""2024-04-30T21:42:07Z"",""scheduled"":""2024-04-30T20:55:02Z""},""diff"":""bad"",""diffMin"":47},{""station"":""St-Justin"",""code"":""SJUS"",""estimated"":""2024-04-30T21:49:55Z"",""scheduled"":""2024-04-30T21:09:00Z"",""eta"":""ARR"",""arrival"":{""estimated"":""2024-04-30T21:49:55Z"",""scheduled"":""2024-04-30T21:09:00Z""},""departure"":{""estimated"":""2024-04-30T21:49:55Z"",""scheduled"":""2024-04-30T21:09:02Z""},""diff"":""bad"",""diffMin"":40},{""station"":""Joliette"",""code"":""JOLI"",""estimated"":""2024-04-30T22:15:43Z"",""scheduled"":""2024-04-30T21:38:00Z"",""eta"":""ARR"",""arrival"":{""estimated"":""2024-04-30T22:15:43Z"",""scheduled"":""2024-04-30T21:38:00Z""},""departure"":{""estimated"":""2024-04-30T22:15:43Z"",""scheduled"":""2024-04-30T21:41:00Z""},""diff"":""bad"",""diffMin"":37},{""station"":""Anjou"",""code"":""ANJO"",""estimated"":""2024-04-30T23:06:44Z"",""scheduled"":""2024-04-30T22:21:01Z"",""eta"":""ARR"",""arrival"":{""estimated"":""2024-04-30T23:06:44Z"",""scheduled"":""2024-04-30T22:21:01Z""},""departure"":{""estimated"":""2024-04-30T23:06:44Z"",""scheduled"":""2024-04-30T22:22:00Z""},""diff"":""bad"",""diffMin"":45},{""station"":""Sauvé"",""code"":""SAUV"",""estimated"":""2024-04-30T23:15:12Z"",""scheduled"":""2024-04-30T22:35:00Z"",""eta"":""ARR"",""arrival"":{""estimated"":""2024-04-30T23:15:12Z"",""scheduled"":""2024-04-30T22:35:00Z""},""departure"":{""estimated"":""2024-04-30T23:15:12Z"",""scheduled"":""2024-04-30T22:37:00Z""},""diff"":""bad"",""diffMin"":40},{""station"":""Montréal"",""code"":""MTRL"",""estimated"":""2024-04-30T23:56:45Z"",""scheduled"":""2024-04-30T23:46:00Z"",""eta"":""ARR"",""arrival"":{""estimated"":""2024-04-30T23:56:45Z"",""scheduled"":""2024-04-30T23:46:00Z""},""diff"":""med"",""diffMin"":10}]"
"82",true,true,"LONDON","TORONTO","2024-04-30","[{""station"":""London"",""code"":""LNDN"",""estimated"":""2024-04-30T10:25:00Z"",""scheduled"":""2024-04-30T10:25:00Z"",""eta"":""ARR"",""departure"":{""estimated"":""2024-04-30T10:25:00Z"",""scheduled"":""2024-04-30T10:25:00Z""},""diff"":""goo"",""diffMin"":0},{""station"":""Woodstock"",""code"":""WDST"",""estimated"":""2024-04-30T10:57:50Z"",""scheduled"":""2024-04-30T10:53:00Z"",""eta"":""ARR"",""arrival"":{""estimated"":""2024-04-30T10:57:50Z"",""scheduled"":""2024-04-30T10:53:00Z""},""departure"":{""estimated"":""2024-04-30T10:57:50Z"",""scheduled"":""2024-04-30T10:55:00Z""},""diff"":""goo"",""diffMin"":4},{""station"":""Brantford"",""code"":""BRTF"",""estimated"":""2024-04-30T11:32:30Z"",""scheduled"":""2024-04-30T11:23:00Z"",""eta"":""ARR"",""arrival"":{""estimated"":""2024-04-30T11:32:30Z"",""scheduled"":""2024-04-30T11:23:00Z""},""departure"":{""estimated"":""2024-04-30T11:32:30Z"",""scheduled"":""2024-04-30T11:27:00Z""},""diff"":""med"",""diffMin"":9},{""station"":""Oakville"",""code"":""OAKV"",""estimated"":""2024-04-30T12:13:36Z"",""scheduled"":""2024-04-30T12:11:00Z"",""eta"":""ARR"",""arrival"":{""estimated"":""2024-04-30T12:13:36Z"",""scheduled"":""2024-04-30T12:11:00Z""},""departure"":{""estimated"":""2024-04-30T12:13:36Z"",""scheduled"":""2024-04-30T12:12:00Z""},""diff"":""goo"",""diffMin"":2},{""station"":""Toronto"",""code"":""TRTO"",""estimated"":""2024-04-30T12:40:14Z"",""scheduled"":""2024-04-30T12:35:00Z"",""eta"":""ARR"",""arrival"":{""estimated"":""2024-04-30T12:40:14Z"",""scheduled"":""2024-04-30T12:35:00Z""},""diff"":""med"",""diffMin"":5}]"
"33",true,true,"QUÉBEC","OTTAWA","2024-04-30","[{""station"":""Québec"",""code"":""QBEC"",""estimated"":""2024-04-30T09:25:30Z"",""scheduled"":""2024-04-30T09:25:00Z"",""eta"":""ARR"",""departure"":{""estimated"":""2024-04-30T09:25:30Z"",""scheduled"":""2024-04-30T09:25:00Z""},""diff"":""goo"",""diffMin"":0},{""station"":""Ste-Foy"",""code"":""SFOY"",""estimated"":""2024-04-30T09:51:54Z"",""scheduled"":""2024-04-30T09:49:00Z"",""eta"":""ARR"",""arrival"":{""estimated"":""2024-04-30T09:51:54Z"",""scheduled"":""2024-04-30T09:49:00Z""},""departure"":{""estimated"":""2024-04-30T09:51:54Z"",""scheduled"":""2024-04-30T09:52:00Z""},""diff"":""goo"",""diffMin"":2},{""station"":""Charny"",""code"":""CHNY"",""estimated"":""2024-04-30T10:01:42Z"",""scheduled"":""2024-04-30T09:58:00Z"",""eta"":""ARR"",""arrival"":{""estimated"":""2024-04-30T10:01:42Z"",""scheduled"":""2024-04-30T09:58:00Z""},""departure"":{""estimated"":""2024-04-30T10:01:42Z"",""scheduled"":""2024-04-30T10:00:00Z""},""diff"":""goo"",""diffMin"":3},{""station"":""Drummondville"",""code"":""DRMV"",""estimated"":""2024-04-30T11:16:50Z"",""scheduled"":""2024-04-30T11:26:00Z"",""eta"":""ARR"",""arrival"":{""estimated"":""2024-04-30T11:16:50Z"",""scheduled"":""2024-04-30T11:26:00Z""},""departure"":{""estimated"":""2024-04-30T11:19:51Z"",""scheduled"":""2024-04-30T11:28:00Z""},""diff"":""goo"",""diffMin"":-9},{""station"":""St. Hyacinthe"",""code"":""SHYA"",""estimated"":""2024-04-30T11:58:49Z"",""scheduled"":""2024-04-30T11:59:00Z"",""eta"":""ARR"",""arrival"":{""estimated"":""2024-04-30T11:58:49Z"",""scheduled"":""2024-04-30T11:59:00Z""},""departure"":{""estimated"":""2024-04-30T11:58:49Z"",""scheduled"":""2024-04-30T12:00:00Z""},""diff"":""goo"",""diffMin"":0},{""station"":""St. Lambert"",""code"":""SLAM"",""estimated"":""2024-04-30T12:28:57Z"",""scheduled"":""2024-04-30T12:25:00Z"",""eta"":""ARR"",""arrival"":{""estimated"":""2024-04-30T12:28:57Z"",""scheduled"":""2024-04-30T12:25:00Z""},""departure"":{""estimated"":""2024-04-30T12:28:57Z"",""scheduled"":""2024-04-30T12:26:00Z""},""diff"":""goo"",""diffMin"":3},{""station"":""Montréal"",""code"":""MTRL"",""estimated"":""2024-04-30T12:43:48Z"",""scheduled"":""2024-04-30T12:37:00Z"",""eta"":""ARR"",""arrival"":{""estimated"":""2024-04-30T12:43:48Z"",""scheduled"":""2024-04-30T12:37:00Z""},""departure"":{""estimated"":""2024-04-30T13:08:00Z"",""scheduled"":""2024-04-30T13:00:00Z""},""diff"":""med"",""diffMin"":6},{""station"":""Dorval"",""code"":""DORV"",""estimated"":""2024-04-30T13:36:16Z"",""scheduled"":""2024-04-30T13:32:00Z"",""eta"":""ARR"",""arrival"":{""estimated"":""2024-04-30T13:36:16Z"",""scheduled"":""2024-04-30T13:32:00Z""},""departure"":{""estimated"":""2024-04-30T13:36:16Z"",""scheduled"":""2024-04-30T13:34:00Z""},""diff"":""goo"",""diffMin"":4},{""station"":""Alexandria"",""code"":""ALEX"",""estimated"":""2024-04-30T14:24:35Z"",""scheduled"":""2024-04-30T14:20:00Z"",""eta"":""ARR"",""arrival"":{""estimated"":""2024-04-30T14:24:35Z"",""scheduled"":""2024-04-30T14:20:00Z""},""departure"":{""estimated"":""2024-04-30T14:24:35Z"",""scheduled"":""2024-04-30T14:22:00Z""},""diff"":""goo"",""diffMin"":4},{""station"":""Casselman"",""code"":""CSLM"",""estimated"":""2024-04-30T14:48:05Z"",""scheduled"":""2024-04-30T14:43:00Z"",""eta"":""ARR"",""arrival"":{""estimated"":""2024-04-30T14:48:05Z"",""scheduled"":""2024-04-30T14:43:00Z""},""departure"":{""estimated"":""2024-04-30T14:48:05Z"",""scheduled"":""2024-04-30T14:44:00Z""},""diff"":""med"",""diffMin"":5},{""station"":""Ottawa"",""code"":""OTTW"",""estimated"":""2024-04-30T15:15:33Z"",""scheduled"":""2024-04-30T15:14:00Z"",""eta"":""ARR"",""arrival"":{""estimated"":""2024-04-30T15:15:33Z"",""scheduled"":""2024-04-30T15:14:00Z""},""diff"":""goo"",""diffMin"":1}]"
"643",true,true,"OTTAWA","TORONTO","2024-04-30","[{""station"":""Ottawa"",""code"":""OTTW"",""estimated"":""2024-04-30T12:35:00Z"",""scheduled"":""2024-04-30T12:35:00Z"",""eta"":""ARR"",""departure"":{""estimated"":""2024-04-30T12:35:00Z"",""scheduled"":""2024-04-30T12:35:00Z""},""diff"":""goo"",""diffMin"":0},{""station"":""Fallowfield"",""code"":""FALL"",""estimated"":""2024-04-30T12:52:08Z"",""scheduled"":""2024-04-30T12:52:00Z"",""eta"":""ARR"",""arrival"":{""estimated"":""2024-04-30T12:52:08Z"",""scheduled"":""2024-04-30T12:52:00Z""},""departure"":{""estimated"":""2024-04-30T12:54:37Z"",""scheduled"":""2024-04-30T12:56:00Z""},""diff"":""goo"",""diffMin"":0},{""station"":""Smiths Falls"",""code"":""SMTF"",""estimated"":""2024-04-30T13:23:05Z"",""scheduled"":""2024-04-30T13:22:00Z"",""eta"":""ARR"",""arrival"":{""estimated"":""2024-04-30T13:23:05Z"",""scheduled"":""2024-04-30T13:22:00Z""},""departure"":{""estimated"":""2024-04-30T13:23:05Z"",""scheduled"":""2024-04-30T13:24:00Z""},""diff"":""goo"",""diffMin"":1},{""station"":""Brockville"",""code"":""BRKV"",""estimated"":""2024-04-30T13:54:24Z"",""scheduled"":""2024-04-30T13:51:00Z"",""eta"":""ARR"",""arrival"":{""estimated"":""2024-04-30T13:54:24Z"",""scheduled"":""2024-04-30T13:51:00Z""},""departure"":{""estimated"":""2024-04-30T13:54:24Z"",""scheduled"":""2024-04-30T13:53:00Z""},""diff"":""goo"",""diffMin"":3},{""station"":""Kingston"",""code"":""KGON"",""estimated"":""2024-04-30T14:44:02Z"",""scheduled"":""2024-04-30T14:33:00Z"",""eta"":""ARR"",""arrival"":{""estimated"":""2024-04-30T14:44:02Z"",""scheduled"":""2024-04-30T14:33:00Z""},""departure"":{""estimated"":""2024-04-30T14:44:02Z"",""scheduled"":""2024-04-30T14:36:00Z""},""diff"":""med"",""diffMin"":11},{""station"":""Napanee"",""code"":""NAPN"",""estimated"":""2024-04-30T15:08:32Z"",""scheduled"":""2024-04-30T14:56:00Z"",""eta"":""ARR"",""arrival"":{""estimated"":""2024-04-30T15:08:32Z"",""scheduled"":""2024-04-30T14:56:00Z""},""departure"":{""estimated"":""2024-04-30T15:08:32Z"",""scheduled"":""2024-04-30T14:57:00Z""},""diff"":""med"",""diffMin"":12},{""station"":""Belleville"",""code"":""BLVL"",""estimated"":""2024-04-30T15:30:40Z"",""scheduled"":""2024-04-30T15:18:00Z"",""eta"":""ARR"",""arrival"":{""estimated"":""2024-04-30T15:30:40Z"",""scheduled"":""2024-04-30T15:18:00Z""},""departure"":{""estimated"":""2024-04-30T15:30:40Z"",""scheduled"":""2024-04-30T15:20:00Z""},""diff"":""med"",""diffMin"":12},{""station"":""Trenton Jct."",""code"":""TRNJ"",""estimated"":""2024-04-30T15:44:03Z"",""scheduled"":""2024-04-30T15:31:00Z"",""eta"":""ARR"",""arrival"":{""estimated"":""2024-04-30T15:44:03Z"",""scheduled"":""2024-04-30T15:31:00Z""},""departure"":{""estimated"":""2024-04-30T15:44:03Z"",""scheduled"":""2024-04-30T15:32:00Z""},""diff"":""med"",""diffMin"":13},{""station"":""Cobourg"",""code"":""CBRG"",""estimated"":""2024-04-30T16:09:19Z"",""scheduled"":""2024-04-30T15:56:00Z"",""eta"":""ARR"",""arrival"":{""estimated"":""2024-04-30T16:09:19Z"",""scheduled"":""2024-04-30T15:56:00Z""},""departure"":{""estimated"":""2024-04-30T16:09:19Z"",""scheduled"":""2024-04-30T15:58:00Z""},""diff"":""med"",""diffMin"":13},{""station"":""Port Hope"",""code"":""PHOP"",""estimated"":""2024-04-30T16:19:28Z"",""scheduled"":""2024-04-30T16:05:00Z"",""eta"":""ARR"",""arrival"":{""estimated"":""2024-04-30T16:19:28Z"",""scheduled"":""2024-04-30T16:05:00Z""},""departure"":{""estimated"":""2024-04-30T16:19:28Z"",""scheduled"":""2024-04-30T16:06:00Z""},""diff"":""med"",""diffMin"":14},{""station"":""Oshawa"",""code"":""OSHA"",""estimated"":""2024-04-30T16:48:03Z"",""scheduled"":""2024-04-30T16:35:00Z"",""eta"":""ARR"",""arrival"":{""estimated"":""2024-04-30T16:48:03Z"",""scheduled"":""2024-04-30T16:35:00Z""},""departure"":{""estimated"":""2024-04-30T16:48:03Z"",""scheduled"":""2024-04-30T16:38:00Z""},""diff"":""med"",""diffMin"":13},{""station"":""Guildwood"",""code"":""GUIL"",""estimated"":""2024-04-30T17:14:39Z"",""scheduled"":""2024-04-30T16:58:00Z"",""eta"":""ARR"",""arrival"":{""estimated"":""2024-04-30T17:14:39Z"",""scheduled"":""2024-04-30T16:58:00Z""},""departure"":{""estimated"":""2024-04-30T17:14:39Z"",""scheduled"":""2024-04-30T17:00:00Z""},""diff"":""bad"",""diffMin"":16},{""station"":""Toronto"",""code"":""TRTO"",""estimated"":""2024-04-30T17:33:34Z"",""scheduled"":""2024-04-30T17:18:00Z"",""eta"":""ARR"",""arrival"":{""estimated"":""2024-04-30T17:33:34Z"",""scheduled"":""2024-04-30T17:18:00Z""},""diff"":""bad"",""diffMin"":15}]"
"45",true,true,"OTTAWA","TORONTO","2024-04-30","[{""station"":""Ottawa"",""code"":""OTTW"",""estimated"":""2024-04-30T14:27:00Z"",""scheduled"":""2024-04-30T14:27:00Z"",""eta"":""ARR"",""departure"":{""estimated"":""2024-04-30T14:27:00Z"",""scheduled"":""2024-04-30T14:27:00Z""},""diff"":""goo"",""diffMin"":0},{""station"":""Fallowfield"",""code"":""FALL"",""estimated"":""2024-04-30T14:44:56Z"",""scheduled"":""2024-04-30T14:44:00Z"",""eta"":""ARR"",""arrival"":{""estimated"":""2024-04-30T14:44:56Z"",""scheduled"":""2024-04-30T14:44:00Z""},""departure"":{""estimated"":""2024-04-30T14:44:56Z"",""scheduled"":""2024-04-30T14:46:00Z""},""diff"":""goo"",""diffMin"":0},{""station"":""Kingston"",""code"":""KGON"",""estimated"":""2024-04-30T16:33:51Z"",""scheduled"":""2024-04-30T16:24:00Z"",""eta"":""ARR"",""arrival"":{""estimated"":""2024-04-30T16:33:51Z"",""scheduled"":""2024-04-30T16:24:00Z""},""departure"":{""estimated"":""2024-04-30T16:33:51Z"",""scheduled"":""2024-04-30T16:26:00Z""},""diff"":""med"",""diffMin"":9},{""station"":""Toronto"",""code"":""TRTO"",""estimated"":""2024-04-30T18:56:30Z"",""scheduled"":""2024-04-30T18:48:00Z"",""eta"":""ARR"",""arrival"":{""estimated"":""2024-04-30T18:56:30Z"",""scheduled"":""2024-04-30T18:48:00Z""},""diff"":""med"",""diffMin"":8}]"
"44",true,true,"TORONTO","OTTAWA","2024-04-30","[{""station"":""Toronto"",""code"":""TRTO"",""estimated"":""2024-04-30T18:24:05Z"",""scheduled"":""2024-04-30T18:17:00Z"",""eta"":""ARR"",""departure"":{""estimated"":""2024-04-30T18:24:05Z"",""scheduled"":""2024-04-30T18:17:00Z""},""diff"":""med"",""diffMin"":7},{""station"":""Oshawa"",""code"":""OSHA"",""estimated"":""2024-04-30T19:14:17Z"",""scheduled"":""2024-04-30T18:53:00Z"",""eta"":""ARR"",""arrival"":{""estimated"":""2024-04-30T19:14:17Z"",""scheduled"":""2024-04-30T18:53:00Z""},""departure"":{""estimated"":""2024-04-30T19:14:17Z"",""scheduled"":""2024-04-30T18:56:00Z""},""diff"":""bad"",""diffMin"":21},{""station"":""Kingston"",""code"":""KGON"",""estimated"":""2024-04-30T20:53:57Z"",""scheduled"":""2024-04-30T20:34:00Z"",""eta"":""ARR"",""arrival"":{""estimated"":""2024-04-30T20:53:57Z"",""scheduled"":""2024-04-30T20:34:00Z""},""departure"":{""estimated"":""2024-04-30T20:53:57Z"",""scheduled"":""2024-04-30T20:38:00Z""},""diff"":""bad"",""diffMin"":19},{""station"":""Brockville"",""code"":""BRKV"",""estimated"":""2024-04-30T21:40:31Z"",""scheduled"":""2024-04-30T21:20:00Z"",""eta"":""ARR"",""arrival"":{""estimated"":""2024-04-30T21:40:31Z"",""scheduled"":""2024-04-30T21:20:00Z""},""departure"":{""estimated"":""2024-04-30T21:40:31Z"",""scheduled"":""2024-04-30T21:22:00Z""},""diff"":""bad"",""diffMin"":20},{""station"":""Smiths Falls"",""code"":""SMTF"",""estimated"":""2024-04-30T22:10:20Z"",""scheduled"":""2024-04-30T21:50:00Z"",""eta"":""ARR"",""arrival"":{""estimated"":""2024-04-30T22:10:20Z"",""scheduled"":""2024-04-30T21:50:00Z""},""departure"":{""estimated"":""2024-04-30T22:10:20Z"",""scheduled"":""2024-04-30T21:52:00Z""},""diff"":""bad"",""diffMin"":20},{""station"":""Fallowfield"",""code"":""FALL"",""estimated"":""2024-04-30T22:42:44Z"",""scheduled"":""2024-04-30T22:22:00Z"",""eta"":""ARR"",""arrival"":{""estimated"":""2024-04-30T22:42:44Z"",""scheduled"":""2024-04-30T22:22:00Z""},""departure"":{""estimated"":""2024-04-30T22:42:44Z"",""scheduled"":""2024-04-30T22:26:00Z""},""diff"":""bad"",""diffMin"":20},{""station"":""Ottawa"",""code"":""OTTW"",""estimated"":""2024-04-30T23:02:02Z"",""scheduled"":""2024-04-30T22:43:00Z"",""eta"":""ARR"",""arrival"":{""estimated"":""2024-04-30T23:02:02Z"",""scheduled"":""2024-04-30T22:43:00Z""},""diff"":""bad"",""diffMin"":19}]"
"76",true,true,"WINDSOR","TORONTO","2024-04-30","[{""station"":""Windsor"",""code"":""WDON"",""estimated"":""2024-04-30T17:46:00Z"",""scheduled"":""2024-04-30T17:46:00Z"",""eta"":""ARR"",""departure"":{""estimated"":""2024-04-30T17:46:00Z"",""scheduled"":""2024-04-30T17:46:00Z""},""diff"":""goo"",""diffMin"":0},{""station"":""Chatham"",""code"":""CHAT"",""estimated"":""2024-04-30T18:27:21Z"",""scheduled"":""2024-04-30T18:28:00Z"",""eta"":""ARR"",""arrival"":{""estimated"":""2024-04-30T18:27:21Z"",""scheduled"":""2024-04-30T18:28:00Z""},""departure"":{""estimated"":""2024-04-30T18:31:33Z"",""scheduled"":""2024-04-30T18:31:00Z""},""diff"":""goo"",""diffMin"":0},{""station"":""Glencoe"",""code"":""GLNC"",""estimated"":""2024-04-30T19:09:04Z"",""scheduled"":""2024-04-30T19:03:00Z"",""eta"":""ARR"",""arrival"":{""estimated"":""2024-04-30T19:09:04Z"",""scheduled"":""2024-04-30T19:03:00Z""},""departure"":{""estimated"":""2024-04-30T19:09:04Z"",""scheduled"":""2024-04-30T19:04:00Z""},""diff"":""med"",""diffMin"":6},{""station"":""London"",""code"":""LNDN"",""estimated"":""2024-04-30T19:39:26Z"",""scheduled"":""2024-04-30T19:38:00Z"",""eta"":""ARR"",""arrival"":{""estimated"":""2024-04-30T19:39:26Z"",""scheduled"":""2024-04-30T19:38:00Z""},""departure"":{""estimated"":""2024-04-30T19:39:26Z"",""scheduled"":""2024-04-30T19:44:00Z""},""diff"":""goo"",""diffMin"":1},{""station"":""Brantford"",""code"":""BRTF"",""estimated"":""2024-04-30T20:44:35Z"",""scheduled"":""2024-04-30T20:39:00Z"",""eta"":""ARR"",""arrival"":{""estimated"":""2024-04-30T20:44:35Z"",""scheduled"":""2024-04-30T20:39:00Z""},""departure"":{""estimated"":""2024-04-30T20:44:35Z"",""scheduled"":""2024-04-30T20:41:00Z""},""diff"":""med"",""diffMin"":5},{""station"":""Aldershot"",""code"":""ALDR"",""estimated"":""2024-04-30T21:17:41Z"",""scheduled"":""2024-04-30T21:10:00Z"",""eta"":""ARR"",""arrival"":{""estimated"":""2024-04-30T21:17:41Z"",""scheduled"":""2024-04-30T21:10:00Z""},""departure"":{""estimated"":""2024-04-30T21:17:41Z"",""scheduled"":""2024-04-30T21:14:00Z""},""diff"":""med"",""diffMin"":7},{""station"":""Oakville"",""code"":""OAKV"",""estimated"":""2024-04-30T21:33:22Z"",""scheduled"":""2024-04-30T21:27:00Z"",""eta"":""ARR"",""arrival"":{""estimated"":""2024-04-30T21:33:22Z"",""scheduled"":""2024-04-30T21:27:00Z""},""departure"":{""estimated"":""2024-04-30T21:33:22Z"",""scheduled"":""2024-04-30T21:29:00Z""},""diff"":""med"",""diffMin"":6},{""station"":""Toronto"",""code"":""TRTO"",""estimated"":""2024-04-30T22:11:01Z"",""scheduled"":""2024-04-30T21:53:00Z"",""eta"":""ARR"",""arrival"":{""estimated"":""2024-04-30T22:11:01Z"",""scheduled"":""2024-04-30T21:53:00Z""},""diff"":""bad"",""diffMin"":18}]"
"645",true,true,"OTTAWA","TORONTO","2024-04-30","[{""station"":""Ottawa"",""code"":""OTTW"",""estimated"":""2024-04-30T18:32:00Z"",""scheduled"":""2024-04-30T18:32:00Z"",""eta"":""ARR"",""departure"":{""estimated"":""2024-04-30T18:32:00Z"",""scheduled"":""2024-04-30T18:32:00Z""},""diff"":""goo"",""diffMin"":0},{""station"":""Fallowfield"",""code"":""FALL"",""estimated"":""2024-04-30T18:48:50Z"",""scheduled"":""2024-04-30T18:54:00Z"",""eta"":""ARR"",""arrival"":{""estimated"":""2024-04-30T18:48:50Z"",""scheduled"":""2024-04-30T18:54:00Z""},""departure"":{""estimated"":""2024-04-30T18:56:08Z"",""scheduled"":""2024-04-30T18:57:00Z""},""diff"":""goo"",""diffMin"":-5},{""station"":""Kingston"",""code"":""KGON"",""estimated"":""2024-04-30T20:39:46Z"",""scheduled"":""2024-04-30T20:34:00Z"",""eta"":""ARR"",""arrival"":{""estimated"":""2024-04-30T20:39:46Z"",""scheduled"":""2024-04-30T20:34:00Z""},""departure"":{""estimated"":""2024-04-30T20:39:46Z"",""scheduled"":""2024-04-30T20:37:00Z""},""diff"":""med"",""diffMin"":5},{""station"":""Belleville"",""code"":""BLVL"",""estimated"":""2024-04-30T21:18:55Z"",""scheduled"":""2024-04-30T21:16:00Z"",""eta"":""ARR"",""arrival"":{""estimated"":""2024-04-30T21:18:55Z"",""scheduled"":""2024-04-30T21:16:00Z""},""departure"":{""estimated"":""2024-04-30T21:18:55Z"",""scheduled"":""2024-04-30T21:18:00Z""},""diff"":""goo"",""diffMin"":2},{""station"":""Oshawa"",""code"":""OSHA"",""estimated"":""2024-04-30T22:21:07Z"",""scheduled"":""2024-04-30T22:23:00Z"",""eta"":""ARR"",""arrival"":{""estimated"":""2024-04-30T22:21:07Z"",""scheduled"":""2024-04-30T22:23:00Z""},""departure"":{""estimated"":""2024-04-30T22:22:28Z"",""scheduled"":""2024-04-30T22:25:00Z""},""diff"":""goo"",""diffMin"":-1},{""station"":""Toronto"",""code"":""TRTO"",""estimated"":""2024-04-30T22:56:48Z"",""scheduled"":""2024-04-30T23:03:00Z"",""eta"":""ARR"",""arrival"":{""estimated"":""2024-04-30T22:56:48Z"",""scheduled"":""2024-04-30T23:03:00Z""},""diff"":""goo"",""diffMin"":-6}]"
"26",true,true,"OTTAWA","QUÉBEC","2024-04-30","[{""station"":""Ottawa"",""code"":""OTTW"",""estimated"":""2024-04-30T18:27:00Z"",""scheduled"":""2024-04-30T18:20:00Z"",""eta"":""ARR"",""departure"":{""estimated"":""2024-04-30T18:27:00Z"",""scheduled"":""2024-04-30T18:20:00Z""},""diff"":""med"",""diffMin"":7},{""station"":""Alexandria"",""code"":""ALEX"",""estimated"":""2024-04-30T19:13:08Z"",""scheduled"":""2024-04-30T19:06:00Z"",""eta"":""ARR"",""arrival"":{""estimated"":""2024-04-30T19:13:08Z"",""scheduled"":""2024-04-30T19:06:00Z""},""departure"":{""estimated"":""2024-04-30T19:13:08Z"",""scheduled"":""2024-04-30T19:08:00Z""},""diff"":""med"",""diffMin"":7},{""station"":""Coteau"",""code"":""COTO"",""estimated"":""2024-04-30T19:41:05Z"",""scheduled"":""2024-04-30T19:29:00Z"",""eta"":""ARR"",""arrival"":{""estimated"":""2024-04-30T19:41:05Z"",""scheduled"":""2024-04-30T19:29:00Z""},""departure"":{""estimated"":""2024-04-30T19:41:05Z"",""scheduled"":""2024-04-30T19:30:01Z""},""diff"":""med"",""diffMin"":12},{""station"":""Dorval"",""code"":""DORV"",""estimated"":""2024-04-30T20:05:58Z"",""scheduled"":""2024-04-30T19:53:00Z"",""eta"":""ARR"",""arrival"":{""estimated"":""2024-04-30T20:05:58Z"",""scheduled"":""2024-04-30T19:53:00Z""},""departure"":{""estimated"":""2024-04-30T20:05:58Z"",""scheduled"":""2024-04-30T19:55:00Z""},""diff"":""med"",""diffMin"":12},{""station"":""Montréal"",""code"":""MTRL"",""estimated"":""2024-04-30T20:28:27Z"",""scheduled"":""2024-04-30T20:15:00Z"",""eta"":""ARR"",""arrival"":{""estimated"":""2024-04-30T20:28:27Z"",""scheduled"":""2024-04-30T20:15:00Z""},""departure"":{""estimated"":""2024-04-30T20:28:27Z"",""scheduled"":""2024-04-30T20:40:00Z""},""diff"":""med"",""diffMin"":13},{""station"":""St. Lambert"",""code"":""SLAM"",""estimated"":""2024-04-30T21:12:14Z"",""scheduled"":""2024-04-30T21:01:00Z"",""eta"":""ARR"",""arrival"":{""estimated"":""2024-04-30T21:12:14Z"",""scheduled"":""2024-04-30T21:01:00Z""},""departure"":{""estimated"":""2024-04-30T21:12:14Z"",""scheduled"":""2024-04-30T21:02:00Z""},""diff"":""med"",""diffMin"":11},{""station"":""St. Hyacinthe"",""code"":""SHYA"",""estimated"":""2024-04-30T21:57:17Z"",""scheduled"":""2024-04-30T21:28:00Z"",""eta"":""ARR"",""arrival"":{""estimated"":""2024-04-30T21:57:17Z"",""scheduled"":""2024-04-30T21:28:00Z""},""departure"":{""estimated"":""2024-04-30T21:57:17Z"",""scheduled"":""2024-04-30T21:29:00Z""},""diff"":""bad"",""diffMin"":29},{""station"":""Drummondville"",""code"":""DRMV"",""estimated"":""2024-04-30T22:26:03Z"",""scheduled"":""2024-04-30T22:13:00Z"",""eta"":""ARR"",""arrival"":{""estimated"":""2024-04-30T22:26:03Z"",""scheduled"":""2024-04-30T22:13:00Z""},""departure"":{""estimated"":""2024-04-30T22:26:03Z"",""scheduled"":""2024-04-30T22:15:00Z""},""diff"":""med"",""diffMin"":13},{""station"":""Charny"",""code"":""CHNY"",""estimated"":""2024-04-30T23:53:29Z"",""scheduled"":""2024-04-30T23:52:00Z"",""eta"":""ARR"",""arrival"":{""estimated"":""2024-04-30T23:53:29Z"",""scheduled"":""2024-04-30T23:52:00Z""},""departure"":{""estimated"":""2024-04-30T23:53:29Z"",""scheduled"":""2024-04-30T23:54:00Z""},""diff"":""goo"",""diffMin"":1},{""station"":""Ste-Foy"",""code"":""SFOY"",""estimated"":""2024-05-01T00:03:15Z"",""scheduled"":""2024-05-01T00:01:00Z"",""eta"":""ARR"",""arrival"":{""estimated"":""2024-05-01T00:03:15Z"",""scheduled"":""2024-05-01T00:01:00Z""},""departure"":{""estimated"":""2024-05-01T00:03:15Z"",""scheduled"":""2024-05-01T00:03:00Z""},""diff"":""goo"",""diffMin"":2},{""station"":""Québec"",""code"":""QBEC"",""estimated"":""2024-05-01T00:33:21Z"",""scheduled"":""2024-05-01T00:26:00Z"",""eta"":""ARR"",""arrival"":{""estimated"":""2024-05-01T00:33:21Z"",""scheduled"":""2024-05-01T00:26:00Z""},""diff"":""med"",""diffMin"":7}]"
"66",true,true,"TORONTO","MONTRÉAL","2024-04-30","[{""station"":""Toronto"",""code"":""TRTO"",""estimated"":""2024-04-30T19:17:00Z"",""scheduled"":""2024-04-30T19:17:00Z"",""eta"":""ARR"",""departure"":{""estimated"":""2024-04-30T19:17:00Z"",""scheduled"":""2024-04-30T19:17:00Z""},""diff"":""goo"",""diffMin"":0},{""station"":""Guildwood"",""code"":""GUIL"",""estimated"":""2024-04-30T19:34:11Z"",""scheduled"":""2024-04-30T19:36:00Z"",""eta"":""ARR"",""arrival"":{""estimated"":""2024-04-30T19:34:11Z"",""scheduled"":""2024-04-30T19:36:00Z""},""departure"":{""estimated"":""2024-04-30T19:34:11Z"",""scheduled"":""2024-04-30T19:37:00Z""},""diff"":""goo"",""diffMin"":-1},{""station"":""Oshawa"",""code"":""OSHA"",""estimated"":""2024-04-30T19:56:56Z"",""scheduled"":""2024-04-30T19:53:00Z"",""eta"":""ARR"",""arrival"":{""estimated"":""2024-04-30T19:56:56Z"",""scheduled"":""2024-04-30T19:53:00Z""},""departure"":{""estimated"":""2024-04-30T19:56:56Z"",""scheduled"":""2024-04-30T19:56:00Z""},""diff"":""goo"",""diffMin"":3},{""station"":""Belleville"",""code"":""BLVL"",""estimated"":""2024-04-30T21:08:04Z"",""scheduled"":""2024-04-30T20:59:00Z"",""eta"":""ARR"",""arrival"":{""estimated"":""2024-04-30T21:08:04Z"",""scheduled"":""2024-04-30T20:59:00Z""},""departure"":{""estimated"":""2024-04-30T21:08:04Z"",""scheduled"":""2024-04-30T21:02:00Z""},""diff"":""med"",""diffMin"":9},{""station"":""Kingston"",""code"":""KGON"",""estimated"":""2024-04-30T21:45:47Z"",""scheduled"":""2024-04-30T21:37:00Z"",""eta"":""ARR"",""arrival"":{""estimated"":""2024-04-30T21:45:47Z"",""scheduled"":""2024-04-30T21:37:00Z""},""departure"":{""estimated"":""2024-04-30T21:45:47Z"",""scheduled"":""2024-04-30T21:41:00Z""},""diff"":""med"",""diffMin"":8},{""station"":""Cornwall"",""code"":""CWLL"",""estimated"":""2024-04-30T23:12:38Z"",""scheduled"":""2024-04-30T23:06:00Z"",""eta"":""ARR"",""arrival"":{""estimated"":""2024-04-30T23:12:38Z"",""scheduled"":""2024-04-30T23:06:00Z""},""departure"":{""estimated"":""2024-04-30T23:12:38Z"",""scheduled"":""2024-04-30T23:08:00Z""},""diff"":""med"",""diffMin"":6},{""station"":""Dorval"",""code"":""DORV"",""estimated"":""2024-05-01T00:04:15Z"",""scheduled"":""2024-04-30T23:55:00Z"",""eta"":""ARR"",""arrival"":{""estimated"":""2024-05-01T00:04:15Z"",""scheduled"":""2024-04-30T23:55:00Z""},""departure"":{""estimated"":""2024-05-01T00:04:15Z"",""scheduled"":""2024-04-30T23:58:00Z""},""diff"":""med"",""diffMin"":9},{""station"":""Montréal"",""code"":""MTRL"",""estimated"":""2024-05-01T00:31:59Z"",""scheduled"":""2024-05-01T00:18:00Z"",""eta"":""ARR"",""arrival"":{""estimated"":""2024-05-01T00:31:59Z"",""scheduled"":""2024-05-01T00:18:00Z""},""diff"":""med"",""diffMin"":13}]"
"39",true,false,"QUÉBEC","OTTAWA","2024-04-30","[{""station"":""Québec"",""code"":""QBEC"",""estimated"":""2024-04-30T19:00:00Z"",""scheduled"":""2024-04-30T19:00:00Z"",""eta"":""ARR"",""departure"":{""estimated"":""2024-04-30T19:00:00Z"",""scheduled"":""2024-04-30T19:00:00Z""},""diff"":""goo"",""diffMin"":0},{""station"":""Ste-Foy"",""code"":""SFOY"",""estimated"":""2024-04-30T19:28:36Z"",""scheduled"":""2024-04-30T19:24:00Z"",""eta"":""ARR"",""arrival"":{""estimated"":""2024-04-30T19:28:36Z"",""scheduled"":""2024-04-30T19:24:00Z""},""departure"":{""estimated"":""2024-04-30T19:28:36Z"",""scheduled"":""2024-04-30T19:26:00Z""},""diff"":""goo"",""diffMin"":4},{""station"":""Drummondville"",""code"":""DRMV"",""estimated"":""2024-04-30T20:59:20Z"",""scheduled"":""2024-04-30T20:52:00Z"",""eta"":""ARR"",""arrival"":{""estimated"":""2024-04-30T20:59:20Z"",""scheduled"":""2024-04-30T20:52:00Z""},""departure"":{""estimated"":""2024-04-30T20:59:20Z"",""scheduled"":""2024-04-30T20:54:00Z""},""diff"":""med"",""diffMin"":7},{""station"":""St. Lambert"",""code"":""SLAM"",""estimated"":""2024-04-30T22:21:27Z"",""scheduled"":""2024-04-30T21:59:00Z"",""eta"":""ARR"",""arrival"":{""estimated"":""2024-04-30T22:21:27Z"",""scheduled"":""2024-04-30T21:59:00Z""},""departure"":{""estimated"":""2024-04-30T22:21:27Z"",""scheduled"":""2024-04-30T22:00:00Z""},""diff"":""bad"",""diffMin"":22},{""station"":""Montréal"",""code"":""MTRL"",""estimated"":""2024-04-30T22:37:22Z"",""scheduled"":""2024-04-30T22:11:00Z"",""eta"":""ARR"",""arrival"":{""estimated"":""2024-04-30T22:37:22Z"",""scheduled"":""2024-04-30T22:11:00Z""},""departure"":{""estimated"":""2024-04-30T22:37:22Z"",""scheduled"":""2024-04-30T22:50:00Z""},""diff"":""bad"",""diffMin"":26},{""station"":""Dorval"",""code"":""DORV"",""estimated"":""2024-04-30T23:24:54Z"",""scheduled"":""2024-04-30T23:22:00Z"",""eta"":""ARR"",""arrival"":{""estimated"":""2024-04-30T23:24:54Z"",""scheduled"":""2024-04-30T23:22:00Z""},""departure"":{""estimated"":""2024-04-30T23:24:54Z"",""scheduled"":""2024-04-30T23:24:00Z""},""diff"":""goo"",""diffMin"":2},{""station"":""Coteau"",""code"":""COTO"",""estimated"":""2024-04-30T23:54:03Z"",""scheduled"":""2024-04-30T23:49:00Z"",""eta"":""ARR"",""arrival"":{""estimated"":""2024-04-30T23:54:03Z"",""scheduled"":""2024-04-30T23:49:00Z""},""departure"":{""estimated"":""2024-04-30T23:54:03Z"",""scheduled"":""2024-04-30T23:51:00Z""},""diff"":""med"",""diffMin"":5},{""station"":""Alexandria"",""code"":""ALEX"",""estimated"":""2024-05-01T00:14:27Z"",""scheduled"":""2024-05-01T00:12:00Z"",""eta"":""ARR"",""arrival"":{""estimated"":""2024-05-01T00:14:27Z"",""scheduled"":""2024-05-01T00:12:00Z""},""departure"":{""estimated"":""2024-05-01T00:14:27Z"",""scheduled"":""2024-05-01T00:13:00Z""},""diff"":""goo"",""diffMin"":2},{""station"":""Ottawa"",""code"":""OTTW"",""estimated"":""2024-05-01T00:58:57Z"",""scheduled"":""2024-05-01T00:57:00Z"",""eta"":""10 mins"",""arrival"":{""estimated"":""2024-05-01T00:58:57Z"",""scheduled"":""2024-05-01T00:57:00Z""},""diff"":""goo"",""diffMin"":1}]"
"46",true,true,"TORONTO","OTTAWA","2024-04-30","[{""station"":""Toronto"",""code"":""TRTO"",""estimated"":""2024-04-30T19:32:39Z"",""scheduled"":""2024-04-30T19:32:00Z"",""eta"":""ARR"",""departure"":{""estimated"":""2024-04-30T19:32:39Z"",""scheduled"":""2024-04-30T19:32:00Z""},""diff"":""goo"",""diffMin"":0},{""station"":""Guildwood"",""code"":""GUIL"",""estimated"":""2024-04-30T19:54:48Z"",""scheduled"":""2024-04-30T19:50:00Z"",""eta"":""ARR"",""arrival"":{""estimated"":""2024-04-30T19:54:48Z"",""scheduled"":""2024-04-30T19:50:00Z""},""departure"":{""estimated"":""2024-04-30T19:54:48Z"",""scheduled"":""2024-04-30T19:52:00Z""},""diff"":""goo"",""diffMin"":4},{""station"":""Oshawa"",""code"":""OSHA"",""estimated"":""2024-04-30T20:17:41Z"",""scheduled"":""2024-04-30T20:08:00Z"",""eta"":""ARR"",""arrival"":{""estimated"":""2024-04-30T20:17:41Z"",""scheduled"":""2024-04-30T20:08:00Z""},""departure"":{""estimated"":""2024-04-30T20:17:41Z"",""scheduled"":""2024-04-30T20:12:00Z""},""diff"":""med"",""diffMin"":9},{""station"":""Cobourg"",""code"":""CBRG"",""estimated"":""2024-04-30T20:52:02Z"",""scheduled"":""2024-04-30T20:43:00Z"",""eta"":""ARR"",""arrival"":{""estimated"":""2024-04-30T20:52:02Z"",""scheduled"":""2024-04-30T20:43:00Z""},""departure"":{""estimated"":""2024-04-30T20:52:02Z"",""scheduled"":""2024-04-30T20:45:00Z""},""diff"":""med"",""diffMin"":9},{""station"":""Kingston"",""code"":""KGON"",""estimated"":""2024-04-30T22:02:00Z"",""scheduled"":""2024-04-30T21:55:00Z"",""eta"":""ARR"",""arrival"":{""estimated"":""2024-04-30T22:02:00Z"",""scheduled"":""2024-04-30T21:55:00Z""},""departure"":{""estimated"":""2024-04-30T22:02:00Z"",""scheduled"":""2024-04-30T21:58:00Z""},""diff"":""med"",""diffMin"":7},{""station"":""Brockville"",""code"":""BRKV"",""estimated"":""2024-04-30T22:50:11Z"",""scheduled"":""2024-04-30T22:41:00Z"",""eta"":""ARR"",""arrival"":{""estimated"":""2024-04-30T22:50:11Z"",""scheduled"":""2024-04-30T22:41:00Z""},""departure"":{""estimated"":""2024-04-30T22:50:11Z"",""scheduled"":""2024-04-30T22:43:00Z""},""diff"":""med"",""diffMin"":9},{""station"":""Fallowfield"",""code"":""FALL"",""estimated"":""2024-04-30T23:46:47Z"",""scheduled"":""2024-04-30T23:41:00Z"",""eta"":""ARR"",""arrival"":{""estimated"":""2024-04-30T23:46:47Z"",""scheduled"":""2024-04-30T23:41:00Z""},""departure"":{""estimated"":""2024-04-30T23:46:47Z"",""scheduled"":""2024-04-30T23:43:00Z""},""diff"":""med"",""diffMin"":5},{""station"":""Ottawa"",""code"":""OTTW"",""estimated"":""2024-05-01T00:05:23Z"",""scheduled"":""2024-05-01T00:00:00Z"",""eta"":""ARR"",""arrival"":{""estimated"":""2024-05-01T00:05:23Z"",""scheduled"":""2024-05-01T00:00:00Z""},""diff"":""med"",""diffMin"":5}]"
"55",true,true,"OTTAWA","TORONTO","2024-04-30","[{""station"":""Ottawa"",""code"":""OTTW"",""estimated"":""2024-04-30T19:33:00Z"",""scheduled"":""2024-04-30T19:33:00Z"",""eta"":""ARR"",""departure"":{""estimated"":""2024-04-30T19:33:00Z"",""scheduled"":""2024-04-30T19:33:00Z""},""diff"":""goo"",""diffMin"":0},{""station"":""Fallowfield"",""code"":""FALL"",""estimated"":""2024-04-30T19:48:36Z"",""scheduled"":""2024-04-30T19:50:00Z"",""eta"":""ARR"",""arrival"":{""estimated"":""2024-04-30T19:48:36Z"",""scheduled"":""2024-04-30T19:50:00Z""},""departure"":{""estimated"":""2024-04-30T19:51:43Z"",""scheduled"":""2024-04-30T19:53:00Z""},""diff"":""goo"",""diffMin"":-1},{""station"":""Brockville"",""code"":""BRKV"",""estimated"":""2024-04-30T20:58:36Z"",""scheduled"":""2024-04-30T20:56:00Z"",""eta"":""ARR"",""arrival"":{""estimated"":""2024-04-30T20:58:36Z"",""scheduled"":""2024-04-30T20:56:00Z""},""departure"":{""estimated"":""2024-04-30T20:58:36Z"",""scheduled"":""2024-04-30T20:59:00Z""},""diff"":""goo"",""diffMin"":2},{""station"":""Kingston"",""code"":""KGON"",""estimated"":""2024-04-30T21:45:57Z"",""scheduled"":""2024-04-30T21:40:00Z"",""eta"":""ARR"",""arrival"":{""estimated"":""2024-04-30T21:45:57Z"",""scheduled"":""2024-04-30T21:40:00Z""},""departure"":{""estimated"":""2024-04-30T21:45:57Z"",""scheduled"":""2024-04-30T21:44:00Z""},""diff"":""med"",""diffMin"":5},{""station"":""Napanee"",""code"":""NAPN"",""estimated"":""2024-04-30T22:09:43Z"",""scheduled"":""2024-04-30T22:06:00Z"",""eta"":""ARR"",""arrival"":{""estimated"":""2024-04-30T22:09:43Z"",""scheduled"":""2024-04-30T22:06:00Z""},""departure"":{""estimated"":""2024-04-30T22:09:43Z"",""scheduled"":""2024-04-30T22:07:00Z""},""diff"":""goo"",""diffMin"":3},{""station"":""Belleville"",""code"":""BLVL"",""estimated"":""2024-04-30T22:27:43Z"",""scheduled"":""2024-04-30T22:24:00Z"",""eta"":""ARR"",""arrival"":{""estimated"":""2024-04-30T22:27:43Z"",""scheduled"":""2024-04-30T22:24:00Z""},""departure"":{""estimated"":""2024-04-30T22:27:43Z"",""scheduled"":""2024-04-30T22:25:00Z""},""diff"":""goo"",""diffMin"":3},{""station"":""Trenton Jct."",""code"":""TRNJ"",""estimated"":""2024-04-30T22:42:06Z"",""scheduled"":""2024-04-30T22:35:00Z"",""eta"":""ARR"",""arrival"":{""estimated"":""2024-04-30T22:42:06Z"",""scheduled"":""2024-04-30T22:35:00Z""},""departure"":{""estimated"":""2024-04-30T22:42:06Z"",""scheduled"":""2024-04-30T22:36:00Z""},""diff"":""med"",""diffMin"":7},{""station"":""Cobourg"",""code"":""CBRG"",""estimated"":""2024-04-30T23:07:24Z"",""scheduled"":""2024-04-30T23:00:00Z"",""eta"":""ARR"",""arrival"":{""estimated"":""2024-04-30T23:07:24Z"",""scheduled"":""2024-04-30T23:00:00Z""},""departure"":{""estimated"":""2024-04-30T23:07:24Z"",""scheduled"":""2024-04-30T23:02:00Z""},""diff"":""med"",""diffMin"":7},{""station"":""Port Hope"",""code"":""PHOP"",""estimated"":""2024-04-30T23:18:07Z"",""scheduled"":""2024-04-30T23:09:00Z"",""eta"":""ARR"",""arrival"":{""estimated"":""2024-04-30T23:18:07Z"",""scheduled"":""2024-04-30T23:09:00Z""},""departure"":{""estimated"":""2024-04-30T23:18:07Z"",""scheduled"":""2024-04-30T23:10:00Z""},""diff"":""med"",""diffMin"":9},{""station"":""Oshawa"",""code"":""OSHA"",""estimated"":""2024-04-30T23:46:39Z"",""scheduled"":""2024-04-30T23:35:00Z"",""eta"":""ARR"",""arrival"":{""estimated"":""2024-04-30T23:46:39Z"",""scheduled"":""2024-04-30T23:35:00Z""},""departure"":{""estimated"":""2024-04-30T23:46:39Z"",""scheduled"":""2024-04-30T23:37:00Z""},""diff"":""med"",""diffMin"":11},{""station"":""Toronto"",""code"":""TRTO"",""estimated"":""2024-05-01T00:29:14Z"",""scheduled"":""2024-05-01T00:18:00Z"",""eta"":""ARR"",""arrival"":{""estimated"":""2024-05-01T00:29:14Z"",""scheduled"":""2024-05-01T00:18:00Z""},""diff"":""med"",""diffMin"":11}]"
"83",true,true,"TORONTO","LONDON","2024-04-30","[{""station"":""Toronto"",""code"":""TRTO"",""estimated"":""2024-04-30T20:15:00Z"",""scheduled"":""2024-04-30T20:15:00Z"",""eta"":""ARR"",""departure"":{""estimated"":""2024-04-30T20:15:00Z"",""scheduled"":""2024-04-30T20:15:00Z""},""diff"":""goo"",""diffMin"":0},{""station"":""Aldershot"",""code"":""ALDR"",""estimated"":""2024-04-30T20:59:26Z"",""scheduled"":""2024-04-30T20:50:00Z"",""eta"":""ARR"",""arrival"":{""estimated"":""2024-04-30T20:59:26Z"",""scheduled"":""2024-04-30T20:50:00Z""},""departure"":{""estimated"":""2024-04-30T20:59:26Z"",""scheduled"":""2024-04-30T20:52:00Z""},""diff"":""med"",""diffMin"":9},{""station"":""Brantford"",""code"":""BRTF"",""estimated"":""2024-04-30T21:31:59Z"",""scheduled"":""2024-04-30T21:20:00Z"",""eta"":""ARR"",""arrival"":{""estimated"":""2024-04-30T21:31:59Z"",""scheduled"":""2024-04-30T21:20:00Z""},""departure"":{""estimated"":""2024-04-30T21:31:59Z"",""scheduled"":""2024-04-30T21:22:00Z""},""diff"":""med"",""diffMin"":11},{""station"":""Woodstock"",""code"":""WDST"",""estimated"":""2024-04-30T22:03:24Z"",""scheduled"":""2024-04-30T21:48:00Z"",""eta"":""ARR"",""arrival"":{""estimated"":""2024-04-30T22:03:24Z"",""scheduled"":""2024-04-30T21:48:00Z""},""departure"":{""estimated"":""2024-04-30T22:03:24Z"",""scheduled"":""2024-04-30T21:49:00Z""},""diff"":""bad"",""diffMin"":15},{""station"":""London"",""code"":""LNDN"",""estimated"":""2024-04-30T22:36:32Z"",""scheduled"":""2024-04-30T22:27:00Z"",""eta"":""ARR"",""arrival"":{""estimated"":""2024-04-30T22:36:32Z"",""scheduled"":""2024-04-30T22:27:00Z""},""diff"":""med"",""diffMin"":9}]"
"28",true,false,"OTTAWA","QUÉBEC","2024-04-30","[{""station"":""Ottawa"",""code"":""OTTW"",""estimated"":""2024-04-30T20:07:00Z"",""scheduled"":""2024-04-30T20:07:00Z"",""eta"":""ARR"",""departure"":{""estimated"":""2024-04-30T20:07:00Z"",""scheduled"":""2024-04-30T20:07:00Z""},""diff"":""goo"",""diffMin"":0},{""station"":""Casselman"",""code"":""CSLM"",""estimated"":""2024-04-30T20:33:12Z"",""scheduled"":""2024-04-30T20:33:00Z"",""eta"":""ARR"",""arrival"":{""estimated"":""2024-04-30T20:33:12Z"",""scheduled"":""2024-04-30T20:33:00Z""},""departure"":{""estimated"":""2024-04-30T20:32:53Z"",""scheduled"":""2024-04-30T20:34:00Z""},""diff"":""goo"",""diffMin"":0},{""station"":""Alexandria"",""code"":""ALEX"",""estimated"":""2024-04-30T20:58:04Z"",""scheduled"":""2024-04-30T20:56:00Z"",""eta"":""ARR"",""arrival"":{""estimated"":""2024-04-30T20:58:04Z"",""scheduled"":""2024-04-30T20:56:00Z""},""departure"":{""estimated"":""2024-04-30T20:58:04Z"",""scheduled"":""2024-04-30T20:57:00Z""},""diff"":""goo"",""diffMin"":2},{""station"":""Coteau"",""code"":""COTO"",""estimated"":""2024-04-30T21:27:37Z"",""scheduled"":""2024-04-30T21:18:00Z"",""eta"":""ARR"",""arrival"":{""estimated"":""2024-04-30T21:27:37Z"",""scheduled"":""2024-04-30T21:18:00Z""},""departure"":{""estimated"":""2024-04-30T21:27:37Z"",""scheduled"":""2024-04-30T21:19:00Z""},""diff"":""med"",""diffMin"":9},{""station"":""Dorval"",""code"":""DORV"",""estimated"":""2024-04-30T21:55:11Z"",""scheduled"":""2024-04-30T21:42:00Z"",""eta"":""ARR"",""arrival"":{""estimated"":""2024-04-30T21:55:11Z"",""scheduled"":""2024-04-30T21:42:00Z""},""departure"":{""estimated"":""2024-04-30T21:55:11Z"",""scheduled"":""2024-04-30T21:44:00Z""},""diff"":""med"",""diffMin"":13},{""station"":""Montréal"",""code"":""MTRL"",""estimated"":""2024-04-30T22:20:59Z"",""scheduled"":""2024-04-30T22:04:00Z"",""eta"":""ARR"",""arrival"":{""estimated"":""2024-04-30T22:20:59Z"",""scheduled"":""2024-04-30T22:04:00Z""},""departure"":{""estimated"":""2024-04-30T22:40:00Z"",""scheduled"":""2024-04-30T22:25:00Z""},""diff"":""bad"",""diffMin"":16},{""station"":""St. Lambert"",""code"":""SLAM"",""estimated"":""2024-04-30T22:55:22Z"",""scheduled"":""2024-04-30T22:46:00Z"",""eta"":""ARR"",""arrival"":{""estimated"":""2024-04-30T22:55:22Z"",""scheduled"":""2024-04-30T22:46:00Z""},""departure"":{""estimated"":""2024-04-30T22:55:22Z"",""scheduled"":""2024-04-30T22:48:00Z""},""diff"":""med"",""diffMin"":9},{""station"":""St. Hyacinthe"",""code"":""SHYA"",""estimated"":""2024-04-30T23:23:50Z"",""scheduled"":""2024-04-30T23:14:00Z"",""eta"":""ARR"",""arrival"":{""estimated"":""2024-04-30T23:23:50Z"",""scheduled"":""2024-04-30T23:14:00Z""},""departure"":{""estimated"":""2024-04-30T23:23:50Z"",""scheduled"":""2024-04-30T23:16:00Z""},""diff"":""med"",""diffMin"":9},{""station"":""Drummondville"",""code"":""DRMV"",""estimated"":""2024-04-30T23:59:02Z"",""scheduled"":""2024-04-30T23:43:00Z"",""eta"":""ARR"",""arrival"":{""estimated"":""2024-04-30T23:59:02Z"",""scheduled"":""2024-04-30T23:43:00Z""},""departure"":{""estimated"":""2024-04-30T23:59:02Z"",""scheduled"":""2024-04-30T23:45:00Z""},""diff"":""bad"",""diffMin"":16},{""station"":""Charny"",""code"":""CHNY"",""estimated"":""2024-05-01T01:22:55Z"",""scheduled"":""2024-05-01T01:22:00Z"",""eta"":""34 mins"",""arrival"":{""estimated"":""2024-05-01T01:22:55Z"",""scheduled"":""2024-05-01T01:22:00Z""},""departure"":{""estimated"":""2024-05-01T01:23:55Z"",""scheduled"":""2024-05-01T01:23:00Z""},""diff"":""goo"",""diffMin"":0},{""station"":""Ste-Foy"",""code"":""SFOY"",""estimated"":""2024-05-01T01:29:55Z"",""scheduled"":""2024-05-01T01:29:00Z"",""eta"":""41 mins"",""arrival"":{""estimated"":""2024-05-01T01:29:55Z"",""scheduled"":""2024-05-01T01:29:00Z""},""departure"":{""estimated"":""2024-05-01T01:31:55Z"",""scheduled"":""2024-05-01T01:31:00Z""},""diff"":""goo"",""diffMin"":0},{""station"":""Québec"",""code"":""QBEC"",""estimated"":""2024-05-01T01:55:55Z"",""scheduled"":""2024-05-01T01:55:00Z"",""eta"":""1h07"",""arrival"":{""estimated"":""2024-05-01T01:55:55Z"",""scheduled"":""2024-05-01T01:55:00Z""},""diff"":""goo"",""diffMin"":0}]"
"68",true,false,"TORONTO","MONTRÉAL","2024-04-30","[{""station"":""Toronto"",""code"":""TRTO"",""estimated"":""2024-04-30T21:02:03Z"",""scheduled"":""2024-04-30T21:02:00Z"",""eta"":""ARR"",""departure"":{""estimated"":""2024-04-30T21:02:03Z"",""scheduled"":""2024-04-30T21:02:00Z""},""diff"":""goo"",""diffMin"":0},{""station"":""Guildwood"",""code"":""GUIL"",""estimated"":""2024-04-30T21:21:21Z"",""scheduled"":""2024-04-30T21:21:00Z"",""eta"":""ARR"",""arrival"":{""estimated"":""2024-04-30T21:21:21Z"",""scheduled"":""2024-04-30T21:21:00Z""},""departure"":{""estimated"":""2024-04-30T21:21:21Z"",""scheduled"":""2024-04-30T21:22:00Z""},""diff"":""goo"",""diffMin"":0},{""station"":""Oshawa"",""code"":""OSHA"",""estimated"":""2024-04-30T21:51:10Z"",""scheduled"":""2024-04-30T21:38:00Z"",""eta"":""ARR"",""arrival"":{""estimated"":""2024-04-30T21:51:10Z"",""scheduled"":""2024-04-30T21:38:00Z""},""departure"":{""estimated"":""2024-04-30T21:51:10Z"",""scheduled"":""2024-04-30T21:40:00Z""},""diff"":""med"",""diffMin"":13},{""station"":""Cobourg"",""code"":""CBRG"",""estimated"":""2024-04-30T22:27:46Z"",""scheduled"":""2024-04-30T22:10:00Z"",""eta"":""ARR"",""arrival"":{""estimated"":""2024-04-30T22:27:46Z"",""scheduled"":""2024-04-30T22:10:00Z""},""departure"":{""estimated"":""2024-04-30T22:27:46Z"",""scheduled"":""2024-04-30T22:11:00Z""},""diff"":""bad"",""diffMin"":17},{""station"":""Belleville"",""code"":""BLVL"",""estimated"":""2024-04-30T23:06:39Z"",""scheduled"":""2024-04-30T22:46:00Z"",""eta"":""ARR"",""arrival"":{""estimated"":""2024-04-30T23:06:39Z"",""scheduled"":""2024-04-30T22:46:00Z""},""departure"":{""estimated"":""2024-04-30T23:06:39Z"",""scheduled"":""2024-04-30T22:48:00Z""},""diff"":""bad"",""diffMin"":20},{""station"":""Kingston"",""code"":""KGON"",""estimated"":""2024-04-30T23:44:12Z"",""scheduled"":""2024-04-30T23:23:00Z"",""eta"":""ARR"",""arrival"":{""estimated"":""2024-04-30T23:44:12Z"",""scheduled"":""2024-04-30T23:23:00Z""},""departure"":{""estimated"":""2024-04-30T23:44:12Z"",""scheduled"":""2024-04-30T23:25:00Z""},""diff"":""bad"",""diffMin"":21},{""station"":""Brockville"",""code"":""BRKV"",""estimated"":""2024-05-01T00:30:24Z"",""scheduled"":""2024-05-01T00:08:00Z"",""eta"":""ARR"",""arrival"":{""estimated"":""2024-05-01T00:30:24Z"",""scheduled"":""2024-05-01T00:08:00Z""},""departure"":{""estimated"":""2024-05-01T00:30:24Z"",""scheduled"":""2024-05-01T00:09:00Z""},""diff"":""bad"",""diffMin"":22},{""station"":""Cornwall"",""code"":""CWLL"",""estimated"":""2024-05-01T01:15:53Z"",""scheduled"":""2024-05-01T00:53:00Z"",""eta"":""27 mins"",""arrival"":{""estimated"":""2024-05-01T01:15:53Z"",""scheduled"":""2024-05-01T00:53:00Z""},""departure"":{""estimated"":""2024-05-01T01:15:53Z"",""scheduled"":""2024-05-01T00:55:00Z""},""diff"":""bad"",""diffMin"":22},{""station"":""Dorval"",""code"":""DORV"",""estimated"":""2024-05-01T02:13:53Z"",""scheduled"":""2024-05-01T01:51:00Z"",""eta"":""1h25"",""arrival"":{""estimated"":""2024-05-01T02:13:53Z"",""scheduled"":""2024-05-01T01:51:00Z""},""departure"":{""estimated"":""2024-05-01T02:13:53Z"",""scheduled"":""2024-05-01T01:53:00Z""},""diff"":""bad"",""diffMin"":22},{""station"":""Montréal"",""code"":""MTRL"",""estimated"":""2024-05-01T02:35:53Z"",""scheduled"":""2024-05-01T02:13:00Z"",""eta"":""1h47"",""arrival"":{""estimated"":""2024-05-01T02:35:53Z"",""scheduled"":""2024-05-01T02:13:00Z""},""diff"":""bad"",""diffMin"":22}]"
"69",true,false,"MONTRÉAL","TORONTO","2024-04-30","[{""station"":""Montréal"",""code"":""MTRL"",""estimated"":""2024-04-30T21:00:00Z"",""scheduled"":""2024-04-30T21:00:00Z"",""eta"":""ARR"",""departure"":{""estimated"":""2024-04-30T21:00:00Z"",""scheduled"":""2024-04-30T21:00:00Z""},""diff"":""goo"",""diffMin"":0},{""station"":""Dorval"",""code"":""DORV"",""estimated"":""2024-04-30T21:25:19Z"",""scheduled"":""2024-04-30T21:22:00Z"",""eta"":""ARR"",""arrival"":{""estimated"":""2024-04-30T21:25:19Z"",""scheduled"":""2024-04-30T21:22:00Z""},""departure"":{""estimated"":""2024-04-30T21:25:19Z"",""scheduled"":""2024-04-30T21:25:00Z""},""diff"":""goo"",""diffMin"":3},{""station"":""Cornwall"",""code"":""CWLL"",""estimated"":""2024-04-30T22:14:05Z"",""scheduled"":""2024-04-30T22:08:00Z"",""eta"":""ARR"",""arrival"":{""estimated"":""2024-04-30T22:14:05Z"",""scheduled"":""2024-04-30T22:08:00Z""},""departure"":{""estimated"":""2024-04-30T22:14:05Z"",""scheduled"":""2024-04-30T22:09:00Z""},""diff"":""med"",""diffMin"":6},{""station"":""Brockville"",""code"":""BRKV"",""estimated"":""2024-04-30T22:59:35Z"",""scheduled"":""2024-04-30T22:48:00Z"",""eta"":""ARR"",""arrival"":{""estimated"":""2024-04-30T22:59:35Z"",""scheduled"":""2024-04-30T22:48:00Z""},""departure"":{""estimated"":""2024-04-30T22:59:35Z"",""scheduled"":""2024-04-30T22:49:00Z""},""diff"":""med"",""diffMin"":11},{""station"":""Kingston"",""code"":""KGON"",""estimated"":""2024-04-30T23:43:32Z"",""scheduled"":""2024-04-30T23:26:00Z"",""eta"":""ARR"",""arrival"":{""estimated"":""2024-04-30T23:43:32Z"",""scheduled"":""2024-04-30T23:26:00Z""},""departure"":{""estimated"":""2024-04-30T23:43:32Z"",""scheduled"":""2024-04-30T23:29:00Z""},""diff"":""bad"",""diffMin"":17},{""station"":""Oshawa"",""code"":""OSHA"",""estimated"":""2024-05-01T01:48:48Z"",""scheduled"":""2024-05-01T01:23:00Z"",""eta"":""1h00"",""arrival"":{""estimated"":""2024-05-01T01:48:48Z"",""scheduled"":""2024-05-01T01:23:00Z""},""departure"":{""estimated"":""2024-05-01T01:48:48Z"",""scheduled"":""2024-05-01T01:25:00Z""},""diff"":""bad"",""diffMin"":25},{""station"":""Guildwood"",""code"":""GUIL"",""estimated"":""2024-05-01T02:08:48Z"",""scheduled"":""2024-05-01T01:43:00Z"",""eta"":""1h20"",""arrival"":{""estimated"":""2024-05-01T02:08:48Z"",""scheduled"":""2024-05-01T01:43:00Z""},""departure"":{""estimated"":""2024-05-01T02:08:48Z"",""scheduled"":""2024-05-01T01:45:00Z""},""diff"":""bad"",""diffMin"":25},{""station"":""Toronto"",""code"":""TRTO"",""estimated"":""2024-05-01T02:28:48Z"",""scheduled"":""2024-05-01T02:03:00Z"",""eta"":""1h40"",""arrival"":{""estimated"":""2024-05-01T02:28:48Z"",""scheduled"":""2024-05-01T02:03:00Z""},""diff"":""bad"",""diffMin"":25}]"
"54",true,false,"TORONTO","OTTAWA","2024-04-30","[{""station"":""Toronto"",""code"":""TRTO"",""estimated"":""2024-04-30T21:32:00Z"",""scheduled"":""2024-04-30T21:32:00Z"",""eta"":""ARR"",""departure"":{""estimated"":""2024-04-30T21:32:00Z"",""scheduled"":""2024-04-30T21:32:00Z""},""diff"":""goo"",""diffMin"":0},{""station"":""Guildwood"",""code"":""GUIL"",""estimated"":""2024-04-30T21:54:06Z"",""scheduled"":""2024-04-30T21:50:00Z"",""eta"":""ARR"",""arrival"":{""estimated"":""2024-04-30T21:54:06Z"",""scheduled"":""2024-04-30T21:50:00Z""},""departure"":{""estimated"":""2024-04-30T21:54:06Z"",""scheduled"":""2024-04-30T21:52:00Z""},""diff"":""goo"",""diffMin"":4},{""station"":""Oshawa"",""code"":""OSHA"",""estimated"":""2024-04-30T22:22:32Z"",""scheduled"":""2024-04-30T22:08:00Z"",""eta"":""ARR"",""arrival"":{""estimated"":""2024-04-30T22:22:32Z"",""scheduled"":""2024-04-30T22:08:00Z""},""departure"":{""estimated"":""2024-04-30T22:22:32Z"",""scheduled"":""2024-04-30T22:09:00Z""},""diff"":""med"",""diffMin"":14},{""station"":""Port Hope"",""code"":""PHOP"",""estimated"":""2024-04-30T22:49:13Z"",""scheduled"":""2024-04-30T22:34:00Z"",""eta"":""ARR"",""arrival"":{""estimated"":""2024-04-30T22:49:13Z"",""scheduled"":""2024-04-30T22:34:00Z""},""departure"":{""estimated"":""2024-04-30T22:49:13Z"",""scheduled"":""2024-04-30T22:35:00Z""},""diff"":""bad"",""diffMin"":15},{""station"":""Cobourg"",""code"":""CBRG"",""estimated"":""2024-04-30T22:58:15Z"",""scheduled"":""2024-04-30T22:42:00Z"",""eta"":""ARR"",""arrival"":{""estimated"":""2024-04-30T22:58:15Z"",""scheduled"":""2024-04-30T22:42:00Z""},""departure"":{""estimated"":""2024-04-30T22:58:15Z"",""scheduled"":""2024-04-30T22:43:00Z""},""diff"":""bad"",""diffMin"":16},{""station"":""Trenton Jct."",""code"":""TRNJ"",""estimated"":""2024-04-30T23:24:02Z"",""scheduled"":""2024-04-30T23:08:01Z"",""eta"":""ARR"",""arrival"":{""estimated"":""2024-04-30T23:24:02Z"",""scheduled"":""2024-04-30T23:08:01Z""},""departure"":{""estimated"":""2024-04-30T23:24:02Z"",""scheduled"":""2024-04-30T23:10:00Z""},""diff"":""bad"",""diffMin"":16},{""station"":""Belleville"",""code"":""BLVL"",""estimated"":""2024-04-30T23:39:40Z"",""scheduled"":""2024-04-30T23:24:00Z"",""eta"":""ARR"",""arrival"":{""estimated"":""2024-04-30T23:39:40Z"",""scheduled"":""2024-04-30T23:24:00Z""},""departure"":{""estimated"":""2024-04-30T23:39:40Z"",""scheduled"":""2024-04-30T23:25:00Z""},""diff"":""bad"",""diffMin"":15},{""station"":""Napanee"",""code"":""NAPN"",""estimated"":""2024-05-01T00:00:15Z"",""scheduled"":""2024-04-30T23:43:00Z"",""eta"":""ARR"",""arrival"":{""estimated"":""2024-05-01T00:00:15Z"",""scheduled"":""2024-04-30T23:43:00Z""},""departure"":{""estimated"":""2024-05-01T00:00:15Z"",""scheduled"":""2024-04-30T23:45:00Z""},""diff"":""bad"",""diffMin"":17},{""station"":""Kingston"",""code"":""KGON"",""estimated"":""2024-05-01T00:20:03Z"",""scheduled"":""2024-05-01T00:04:00Z"",""eta"":""ARR"",""arrival"":{""estimated"":""2024-05-01T00:20:03Z"",""scheduled"":""2024-05-01T00:04:00Z""},""departure"":{""estimated"":""2024-05-01T00:20:03Z"",""scheduled"":""2024-05-01T00:07:00Z""},""diff"":""bad"",""diffMin"":16},{""station"":""Brockville"",""code"":""BRKV"",""estimated"":""2024-05-01T01:05:29Z"",""scheduled"":""2024-05-01T00:51:00Z"",""eta"":""17 mins"",""arrival"":{""estimated"":""2024-05-01T01:05:29Z"",""scheduled"":""2024-05-01T00:51:00Z""},""departure"":{""estimated"":""2024-05-01T01:05:29Z"",""scheduled"":""2024-05-01T00:53:00Z""},""diff"":""med"",""diffMin"":14},{""station"":""Smiths Falls"",""code"":""SMTF"",""estimated"":""2024-05-01T01:36:29Z"",""scheduled"":""2024-05-01T01:22:00Z"",""eta"":""48 mins"",""arrival"":{""estimated"":""2024-05-01T01:36:29Z"",""scheduled"":""2024-05-01T01:22:00Z""},""departure"":{""estimated"":""2024-05-01T01:36:29Z"",""scheduled"":""2024-05-01T01:23:00Z""},""diff"":""med"",""diffMin"":14},{""station"":""Fallowfield"",""code"":""FALL"",""estimated"":""2024-05-01T02:04:29Z"",""scheduled"":""2024-05-01T01:50:00Z"",""eta"":""1h16"",""arrival"":{""estimated"":""2024-05-01T02:04:29Z"",""scheduled"":""2024-05-01T01:50:00Z""},""departure"":{""estimated"":""2024-05-01T02:04:29Z"",""scheduled"":""2024-05-01T01:53:00Z""},""diff"":""med"",""diffMin"":14},{""station"":""Ottawa"",""code"":""OTTW"",""estimated"":""2024-05-01T02:25:29Z"",""scheduled"":""2024-05-01T02:11:00Z"",""eta"":""1h37"",""arrival"":{""estimated"":""2024-05-01T02:25:29Z"",""scheduled"":""2024-05-01T02:11:00Z""},""diff"":""med"",""diffMin"":14}]"
"75",true,false,"TORONTO","WINDSOR","2024-04-30","[{""station"":""Toronto"",""code"":""TRTO"",""estimated"":""2024-04-30T21:22:00Z"",""scheduled"":""2024-04-30T21:22:00Z"",""eta"":""ARR"",""departure"":{""estimated"":""2024-04-30T21:22:00Z"",""scheduled"":""2024-04-30T21:22:00Z""},""diff"":""goo"",""diffMin"":0},{""station"":""Oakville"",""code"":""OAKV"",""estimated"":""2024-04-30T21:57:48Z"",""scheduled"":""2024-04-30T21:45:00Z"",""eta"":""ARR"",""arrival"":{""estimated"":""2024-04-30T21:57:48Z"",""scheduled"":""2024-04-30T21:45:00Z""},""departure"":{""estimated"":""2024-04-30T21:57:48Z"",""scheduled"":""2024-04-30T21:48:00Z""},""diff"":""med"",""diffMin"":12},{""station"":""Aldershot"",""code"":""ALDR"",""estimated"":""2024-04-30T22:19:57Z"",""scheduled"":""2024-04-30T22:01:00Z"",""eta"":""ARR"",""arrival"":{""estimated"":""2024-04-30T22:19:57Z"",""scheduled"":""2024-04-30T22:01:00Z""},""departure"":{""estimated"":""2024-04-30T22:19:57Z"",""scheduled"":""2024-04-30T22:04:00Z""},""diff"":""bad"",""diffMin"":18},{""station"":""Brantford"",""code"":""BRTF"",""estimated"":""2024-04-30T22:51:23Z"",""scheduled"":""2024-04-30T22:33:00Z"",""eta"":""ARR"",""arrival"":{""estimated"":""2024-04-30T22:51:23Z"",""scheduled"":""2024-04-30T22:33:00Z""},""departure"":{""estimated"":""2024-04-30T22:51:23Z"",""scheduled"":""2024-04-30T22:36:00Z""},""diff"":""bad"",""diffMin"":18},{""station"":""Woodstock"",""code"":""WDST"",""estimated"":""2024-04-30T23:24:06Z"",""scheduled"":""2024-04-30T23:04:00Z"",""eta"":""ARR"",""arrival"":{""estimated"":""2024-04-30T23:24:06Z"",""scheduled"":""2024-04-30T23:04:00Z""},""departure"":{""estimated"":""2024-04-30T23:24:06Z"",""scheduled"":""2024-04-30T23:06:00Z""},""diff"":""bad"",""diffMin"":20},{""station"":""Ingersoll"",""code"":""INGR"",""estimated"":""2024-04-30T23:35:56Z"",""scheduled"":""2024-04-30T23:19:00Z"",""eta"":""ARR"",""arrival"":{""estimated"":""2024-04-30T23:35:56Z"",""scheduled"":""2024-04-30T23:19:00Z""},""departure"":{""estimated"":""2024-04-30T23:35:56Z"",""scheduled"":""2024-04-30T23:20:00Z""},""diff"":""bad"",""diffMin"":16},{""station"":""London"",""code"":""LNDN"",""estimated"":""2024-05-01T00:00:48Z"",""scheduled"":""2024-04-30T23:47:00Z"",""eta"":""ARR"",""arrival"":{""estimated"":""2024-05-01T00:00:48Z"",""scheduled"":""2024-04-30T23:47:00Z""},""departure"":{""estimated"":""2024-05-01T00:00:48Z"",""scheduled"":""2024-04-30T23:53:00Z""},""diff"":""med"",""diffMin"":13},{""station"":""Glencoe"",""code"":""GLNC"",""estimated"":""2024-05-01T00:35:13Z"",""scheduled"":""2024-05-01T00:21:00Z"",""eta"":""ARR"",""arrival"":{""estimated"":""2024-05-01T00:35:13Z"",""scheduled"":""2024-05-01T00:21:00Z""},""departure"":{""estimated"":""2024-05-01T00:35:13Z"",""scheduled"":""2024-05-01T00:22:00Z""},""diff"":""med"",""diffMin"":14},{""station"":""Chatham"",""code"":""CHAT"",""estimated"":""2024-05-01T01:09:33Z"",""scheduled"":""2024-05-01T00:55:00Z"",""eta"":""21 mins"",""arrival"":{""estimated"":""2024-05-01T01:09:33Z"",""scheduled"":""2024-05-01T00:55:00Z""},""departure"":{""estimated"":""2024-05-01T01:09:33Z"",""scheduled"":""2024-05-01T00:58:00Z""},""diff"":""med"",""diffMin"":14},{""station"":""Windsor"",""code"":""WDON"",""estimated"":""2024-05-01T02:04:33Z"",""scheduled"":""2024-05-01T01:50:00Z"",""eta"":""1h16"",""arrival"":{""estimated"":""2024-05-01T02:04:33Z"",""scheduled"":""2024-05-01T01:50:00Z""},""diff"":""med"",""diffMin"":14}]"
"98",true,true,"NIAGARA FALLS","TORONTO","2024-04-30","[{""station"":""Niagara Falls"",""code"":""NIAG"",""estimated"":""2024-04-30T21:45:00Z"",""scheduled"":""2024-04-30T21:45:00Z"",""eta"":""ARR"",""departure"":{""estimated"":""2024-04-30T21:45:00Z"",""scheduled"":""2024-04-30T21:45:00Z""},""diff"":""goo"",""diffMin"":0},{""station"":""St. Catharines"",""code"":""SCAT"",""estimated"":""&mdash;"",""scheduled"":""2024-04-30T22:06:00Z"",""eta"":""&mdash;"",""arrival"":{""estimated"":null,""scheduled"":""2024-04-30T22:06:00Z""},""departure"":{""estimated"":""2024-04-30T22:07:00Z"",""scheduled"":""2024-04-30T22:08:00Z""}},{""station"":""Grimsby"",""code"":""GRIM"",""estimated"":""2024-04-30T22:25:00Z"",""scheduled"":""2024-04-30T22:26:00Z"",""eta"":""ARR"",""arrival"":{""estimated"":""2024-04-30T22:25:00Z"",""scheduled"":""2024-04-30T22:26:00Z""},""departure"":{""estimated"":""2024-04-30T22:26:00Z"",""scheduled"":""2024-04-30T22:27:00Z""},""diff"":""goo"",""diffMin"":-1},{""station"":""Aldershot"",""code"":""ALDR"",""estimated"":""2024-04-30T23:04:00Z"",""scheduled"":""2024-04-30T23:02:00Z"",""eta"":""ARR"",""arrival"":{""estimated"":""2024-04-30T23:04:00Z"",""scheduled"":""2024-04-30T23:02:00Z""},""departure"":{""estimated"":""2024-04-30T23:06:00Z"",""scheduled"":""2024-04-30T23:04:00Z""},""diff"":""goo"",""diffMin"":2},{""station"":""Oakville"",""code"":""OAKV"",""estimated"":""&mdash;"",""scheduled"":""2024-04-30T23:16:00Z"",""eta"":""&mdash;"",""arrival"":{""estimated"":null,""scheduled"":""2024-04-30T23:16:00Z""},""departure"":{""estimated"":""2024-04-30T23:19:00Z"",""scheduled"":""2024-04-30T23:19:00Z""}},{""station"":""Toronto"",""code"":""TRTO"",""estimated"":""2024-04-30T23:43:00Z"",""scheduled"":""2024-04-30T23:43:00Z"",""eta"":""ARR"",""arrival"":{""estimated"":""2024-04-30T23:43:00Z"",""scheduled"":""2024-04-30T23:43:00Z""},""diff"":""goo"",""diffMin"":0}]"
"87",true,false,"TORONTO","SARNIA","2024-04-30","[{""station"":""Toronto"",""code"":""TRTO"",""estimated"":""2024-04-30T21:40:00Z"",""scheduled"":""2024-04-30T21:40:00Z"",""eta"":""ARR"",""departure"":{""estimated"":""2024-04-30T21:40:00Z"",""scheduled"":""2024-04-30T21:40:00Z""},""diff"":""goo"",""diffMin"":0},{""station"":""Malton"",""code"":""MALT"",""estimated"":""2024-04-30T22:02:41Z"",""scheduled"":""2024-04-30T22:00:00Z"",""eta"":""ARR"",""arrival"":{""estimated"":""2024-04-30T22:02:41Z"",""scheduled"":""2024-04-30T22:00:00Z""},""departure"":{""estimated"":""2024-04-30T22:02:41Z"",""scheduled"":""2024-04-30T22:01:00Z""},""diff"":""goo"",""diffMin"":2},{""station"":""Brampton"",""code"":""BRMP"",""estimated"":""2024-04-30T22:14:44Z"",""scheduled"":""2024-04-30T22:12:00Z"",""eta"":""ARR"",""arrival"":{""estimated"":""2024-04-30T22:14:44Z"",""scheduled"":""2024-04-30T22:12:00Z""},""departure"":{""estimated"":""2024-04-30T22:14:44Z"",""scheduled"":""2024-04-30T22:14:00Z""},""diff"":""goo"",""diffMin"":2},{""station"":""Georgetown"",""code"":""GEOR"",""estimated"":""2024-04-30T22:31:24Z"",""scheduled"":""2024-04-30T22:24:00Z"",""eta"":""ARR"",""arrival"":{""estimated"":""2024-04-30T22:31:24Z"",""scheduled"":""2024-04-30T22:24:00Z""},""departure"":{""estimated"":""2024-04-30T22:31:24Z"",""scheduled"":""2024-04-30T22:26:00Z""},""diff"":""med"",""diffMin"":7},{""station"":""Guelph"",""code"":""GUEL"",""estimated"":""2024-04-30T23:06:06Z"",""scheduled"":""2024-04-30T22:49:00Z"",""eta"":""ARR"",""arrival"":{""estimated"":""2024-04-30T23:06:06Z"",""scheduled"":""2024-04-30T22:49:00Z""},""departure"":{""estimated"":""2024-04-30T23:06:06Z"",""scheduled"":""2024-04-30T22:51:00Z""},""diff"":""bad"",""diffMin"":17},{""station"":""Kitchener"",""code"":""KITC"",""estimated"":""2024-04-30T23:28:06Z"",""scheduled"":""2024-04-30T23:16:00Z"",""eta"":""ARR"",""arrival"":{""estimated"":""2024-04-30T23:28:06Z"",""scheduled"":""2024-04-30T23:16:00Z""},""departure"":{""estimated"":""2024-04-30T23:28:06Z"",""scheduled"":""2024-04-30T23:18:00Z""},""diff"":""med"",""diffMin"":12},{""station"":""Stratford"",""code"":""STRF"",""estimated"":""2024-05-01T00:19:13Z"",""scheduled"":""2024-04-30T23:53:00Z"",""eta"":""ARR"",""arrival"":{""estimated"":""2024-05-01T00:19:13Z"",""scheduled"":""2024-04-30T23:53:00Z""},""departure"":{""estimated"":""2024-05-01T00:19:13Z"",""scheduled"":""2024-04-30T23:55:00Z""},""diff"":""bad"",""diffMin"":26},{""station"":""St.Marys"",""code"":""SMYS"",""estimated"":""2024-05-01T00:51:11Z"",""scheduled"":""2024-05-01T00:21:00Z"",""eta"":""2 mins"",""arrival"":{""estimated"":""2024-05-01T00:51:11Z"",""scheduled"":""2024-05-01T00:21:00Z""},""departure"":{""estimated"":""2024-05-01T00:51:11Z"",""scheduled"":""2024-05-01T00:23:00Z""},""diff"":""bad"",""diffMin"":30},{""station"":""London"",""code"":""LNDN"",""estimated"":""2024-05-01T01:39:11Z"",""scheduled"":""2024-05-01T01:09:00Z"",""eta"":""50 mins"",""arrival"":{""estimated"":""2024-05-01T01:39:11Z"",""scheduled"":""2024-05-01T01:09:00Z""},""departure"":{""estimated"":""2024-05-01T01:39:11Z"",""scheduled"":""2024-05-01T01:14:00Z""},""diff"":""bad"",""diffMin"":30},{""station"":""Strathroy"",""code"":""STRR"",""estimated"":""2024-05-01T02:05:11Z"",""scheduled"":""2024-05-01T01:35:00Z"",""eta"":""1h16"",""arrival"":{""estimated"":""2024-05-01T02:05:11Z"",""scheduled"":""2024-05-01T01:35:00Z""},""departure"":{""estimated"":""2024-05-01T02:05:11Z"",""scheduled"":""2024-05-01T01:37:00Z""},""diff"":""bad"",""diffMin"":30},{""station"":""Wyoming"",""code"":""WYOM"",""estimated"":""2024-05-01T02:33:11Z"",""scheduled"":""2024-05-01T02:03:00Z"",""eta"":""1h44"",""arrival"":{""estimated"":""2024-05-01T02:33:11Z"",""scheduled"":""2024-05-01T02:03:00Z""},""departure"":{""estimated"":""2024-05-01T02:33:11Z"",""scheduled"":""2024-05-01T02:05:00Z""},""diff"":""bad"",""diffMin"":30},{""station"":""Sarnia"",""code"":""SARN"",""estimated"":""2024-05-01T02:50:11Z"",""scheduled"":""2024-05-01T02:20:00Z"",""eta"":""2h01"",""arrival"":{""estimated"":""2024-05-01T02:50:11Z"",""scheduled"":""2024-05-01T02:20:00Z""},""diff"":""bad"",""diffMin"":30}]"
"668",true,false,"TORONTO","MONTRÉAL","2024-04-30","[{""station"":""Toronto"",""code"":""TRTO"",""estimated"":""2024-04-30T22:02:21Z"",""scheduled"":""2024-04-30T22:02:00Z"",""eta"":""ARR"",""departure"":{""estimated"":""2024-04-30T22:02:21Z"",""scheduled"":""2024-04-30T22:02:00Z""},""diff"":""goo"",""diffMin"":0},{""station"":""Guildwood"",""code"":""GUIL"",""estimated"":""2024-04-30T22:24:13Z"",""scheduled"":""2024-04-30T22:19:00Z"",""eta"":""ARR"",""arrival"":{""estimated"":""2024-04-30T22:24:13Z"",""scheduled"":""2024-04-30T22:19:00Z""},""departure"":{""estimated"":""2024-04-30T22:24:13Z"",""scheduled"":""2024-04-30T22:22:00Z""},""diff"":""med"",""diffMin"":5},{""station"":""Oshawa"",""code"":""OSHA"",""estimated"":""2024-04-30T22:44:06Z"",""scheduled"":""2024-04-30T22:37:00Z"",""eta"":""ARR"",""arrival"":{""estimated"":""2024-04-30T22:44:06Z"",""scheduled"":""2024-04-30T22:37:00Z""},""departure"":{""estimated"":""2024-04-30T22:44:06Z"",""scheduled"":""2024-04-30T22:39:00Z""},""diff"":""med"",""diffMin"":7},{""station"":""Kingston"",""code"":""KGON"",""estimated"":""2024-05-01T00:29:34Z"",""scheduled"":""2024-05-01T00:16:00Z"",""eta"":""ARR"",""arrival"":{""estimated"":""2024-05-01T00:29:34Z"",""scheduled"":""2024-05-01T00:16:00Z""},""departure"":{""estimated"":""2024-05-01T00:29:34Z"",""scheduled"":""2024-05-01T00:20:00Z""},""diff"":""med"",""diffMin"":13},{""station"":""Cornwall"",""code"":""CWLL"",""estimated"":""2024-05-01T01:54:47Z"",""scheduled"":""2024-05-01T01:45:00Z"",""eta"":""1h06"",""arrival"":{""estimated"":""2024-05-01T01:54:47Z"",""scheduled"":""2024-05-01T01:45:00Z""},""departure"":{""estimated"":""2024-05-01T01:54:47Z"",""scheduled"":""2024-05-01T01:47:00Z""},""diff"":""med"",""diffMin"":9},{""station"":""Dorval"",""code"":""DORV"",""estimated"":""2024-05-01T02:42:47Z"",""scheduled"":""2024-05-01T02:33:00Z"",""eta"":""1h54"",""arrival"":{""estimated"":""2024-05-01T02:42:47Z"",""scheduled"":""2024-05-01T02:33:00Z""},""departure"":{""estimated"":""2024-05-01T02:42:47Z"",""scheduled"":""2024-05-01T02:36:00Z""},""diff"":""med"",""diffMin"":9},{""station"":""Montréal"",""code"":""MTRL"",""estimated"":""2024-05-01T03:04:47Z"",""scheduled"":""2024-05-01T02:55:00Z"",""eta"":""2h16"",""arrival"":{""estimated"":""2024-05-01T03:04:47Z"",""scheduled"":""2024-05-01T02:55:00Z""},""diff"":""med"",""diffMin"":9}]"
"59",true,false,"OTTAWA","TORONTO","2024-04-30","[{""station"":""Ottawa"",""code"":""OTTW"",""estimated"":""2024-04-30T21:49:00Z"",""scheduled"":""2024-04-30T21:49:00Z"",""eta"":""ARR"",""departure"":{""estimated"":""2024-04-30T21:49:00Z"",""scheduled"":""2024-04-30T21:49:00Z""},""diff"":""goo"",""diffMin"":0},{""station"":""Fallowfield"",""code"":""FALL"",""estimated"":""2024-04-30T22:04:38Z"",""scheduled"":""2024-04-30T22:04:00Z"",""eta"":""ARR"",""arrival"":{""estimated"":""2024-04-30T22:04:38Z"",""scheduled"":""2024-04-30T22:04:00Z""},""departure"":{""estimated"":""2024-04-30T22:04:38Z"",""scheduled"":""2024-04-30T22:09:00Z""},""diff"":""goo"",""diffMin"":0},{""station"":""Smiths Falls"",""code"":""SMTF"",""estimated"":""2024-04-30T22:38:20Z"",""scheduled"":""2024-04-30T22:33:00Z"",""eta"":""ARR"",""arrival"":{""estimated"":""2024-04-30T22:38:20Z"",""scheduled"":""2024-04-30T22:33:00Z""},""departure"":{""estimated"":""2024-04-30T22:38:20Z"",""scheduled"":""2024-04-30T22:35:00Z""},""diff"":""med"",""diffMin"":5},{""station"":""Brockville"",""code"":""BRKV"",""estimated"":""2024-04-30T23:15:44Z"",""scheduled"":""2024-04-30T23:00:00Z"",""eta"":""ARR"",""arrival"":{""estimated"":""2024-04-30T23:15:44Z"",""scheduled"":""2024-04-30T23:00:00Z""},""departure"":{""estimated"":""2024-04-30T23:15:44Z"",""scheduled"":""2024-04-30T23:03:00Z""},""diff"":""bad"",""diffMin"":15},{""station"":""Kingston"",""code"":""KGON"",""estimated"":""2024-04-30T23:57:22Z"",""scheduled"":""2024-04-30T23:39:00Z"",""eta"":""ARR"",""arrival"":{""estimated"":""2024-04-30T23:57:22Z"",""scheduled"":""2024-04-30T23:39:00Z""},""departure"":{""estimated"":""2024-04-30T23:57:22Z"",""scheduled"":""2024-04-30T23:42:00Z""},""diff"":""bad"",""diffMin"":18},{""station"":""Belleville"",""code"":""BLVL"",""estimated"":""2024-05-01T00:38:41Z"",""scheduled"":""2024-05-01T00:14:00Z"",""eta"":""ARR"",""arrival"":{""estimated"":""2024-05-01T00:38:41Z"",""scheduled"":""2024-05-01T00:14:00Z""},""departure"":{""estimated"":""2024-05-01T00:38:41Z"",""scheduled"":""2024-05-01T00:15:00Z""},""diff"":""bad"",""diffMin"":24},{""station"":""Trenton Jct."",""code"":""TRNJ"",""estimated"":""2024-05-01T00:51:25Z"",""scheduled"":""2024-05-01T00:24:00Z"",""eta"":""3 mins"",""arrival"":{""estimated"":""2024-05-01T00:51:25Z"",""scheduled"":""2024-05-01T00:24:00Z""},""departure"":{""estimated"":""2024-05-01T00:51:25Z"",""scheduled"":""2024-05-01T00:25:00Z""},""diff"":""bad"",""diffMin"":27},{""station"":""Cobourg"",""code"":""CBRG"",""estimated"":""2024-05-01T01:14:25Z"",""scheduled"":""2024-05-01T00:47:00Z"",""eta"":""26 mins"",""arrival"":{""estimated"":""2024-05-01T01:14:25Z"",""scheduled"":""2024-05-01T00:47:00Z""},""departure"":{""estimated"":""2024-05-01T01:14:25Z"",""scheduled"":""2024-05-01T00:48:00Z""},""diff"":""bad"",""diffMin"":27},{""station"":""Oshawa"",""code"":""OSHA"",""estimated"":""2024-05-01T02:19:25Z"",""scheduled"":""2024-05-01T01:52:00Z"",""eta"":""1h31"",""arrival"":{""estimated"":""2024-05-01T02:19:25Z"",""scheduled"":""2024-05-01T01:52:00Z""},""departure"":{""estimated"":""2024-05-01T02:19:25Z"",""scheduled"":""2024-05-01T01:54:00Z""},""diff"":""bad"",""diffMin"":27},{""station"":""Guildwood"",""code"":""GUIL"",""estimated"":""2024-05-01T02:40:25Z"",""scheduled"":""2024-05-01T02:13:00Z"",""eta"":""1h52"",""arrival"":{""estimated"":""2024-05-01T02:40:25Z"",""scheduled"":""2024-05-01T02:13:00Z""},""departure"":{""estimated"":""2024-05-01T02:40:25Z"",""scheduled"":""2024-05-01T02:15:00Z""},""diff"":""bad"",""diffMin"":27},{""station"":""Toronto"",""code"":""TRTO"",""estimated"":""2024-05-01T03:00:25Z"",""scheduled"":""2024-05-01T02:33:00Z"",""eta"":""2h12"",""arrival"":{""estimated"":""2024-05-01T03:00:25Z"",""scheduled"":""2024-05-01T02:33:00Z""},""diff"":""bad"",""diffMin"":27}]"
"29",true,false,"QUÉBEC","MONTRÉAL","2024-04-30","[{""station"":""Québec"",""code"":""QBEC"",""estimated"":""2024-04-30T21:45:00Z"",""scheduled"":""2024-04-30T21:45:00Z"",""eta"":""ARR"",""departure"":{""estimated"":""2024-04-30T21:45:00Z"",""scheduled"":""2024-04-30T21:45:00Z""},""diff"":""goo"",""diffMin"":0},{""station"":""Ste-Foy"",""code"":""SFOY"",""estimated"":""2024-04-30T22:12:01Z"",""scheduled"":""2024-04-30T22:09:00Z"",""eta"":""ARR"",""arrival"":{""estimated"":""2024-04-30T22:12:01Z"",""scheduled"":""2024-04-30T22:09:00Z""},""departure"":{""estimated"":""2024-04-30T22:12:01Z"",""scheduled"":""2024-04-30T22:11:00Z""},""diff"":""goo"",""diffMin"":3},{""station"":""Drummondville"",""code"":""DRMV"",""estimated"":""2024-04-30T23:53:25Z"",""scheduled"":""2024-04-30T23:41:00Z"",""eta"":""ARR"",""arrival"":{""estimated"":""2024-04-30T23:53:25Z"",""scheduled"":""2024-04-30T23:41:00Z""},""departure"":{""estimated"":""2024-04-30T23:53:25Z"",""scheduled"":""2024-04-30T23:43:00Z""},""diff"":""med"",""diffMin"":12},{""station"":""St. Hyacinthe"",""code"":""SHYA"",""estimated"":""2024-05-01T00:22:16Z"",""scheduled"":""2024-05-01T00:19:02Z"",""eta"":""ARR"",""arrival"":{""estimated"":""2024-05-01T00:22:16Z"",""scheduled"":""2024-05-01T00:19:02Z""},""departure"":{""estimated"":""2024-05-01T00:22:16Z"",""scheduled"":""2024-05-01T00:21:00Z""},""diff"":""goo"",""diffMin"":3},{""station"":""St. Lambert"",""code"":""SLAM"",""estimated"":""2024-05-01T00:51:58Z"",""scheduled"":""2024-05-01T00:47:00Z"",""eta"":""3 mins"",""arrival"":{""estimated"":""2024-05-01T00:51:58Z"",""scheduled"":""2024-05-01T00:47:00Z""},""departure"":{""estimated"":""2024-05-01T00:51:58Z"",""scheduled"":""2024-05-01T00:49:00Z""},""diff"":""goo"",""diffMin"":4},{""station"":""Montréal"",""code"":""MTRL"",""estimated"":""2024-05-01T01:04:58Z"",""scheduled"":""2024-05-01T01:00:00Z"",""eta"":""16 mins"",""arrival"":{""estimated"":""2024-05-01T01:04:58Z"",""scheduled"":""2024-05-01T01:00:00Z""},""diff"":""goo"",""diffMin"":4}]"
"78",true,false,"WINDSOR","TORONTO","2024-04-30","[{""station"":""Windsor"",""code"":""WDON"",""estimated"":""2024-04-30T21:41:00Z"",""scheduled"":""2024-04-30T21:41:00Z"",""eta"":""ARR"",""departure"":{""estimated"":""2024-04-30T21:41:00Z"",""scheduled"":""2024-04-30T21:41:00Z""},""diff"":""goo"",""diffMin"":0},{""station"":""Chatham"",""code"":""CHAT"",""estimated"":""2024-04-30T22:22:30Z"",""scheduled"":""2024-04-30T22:25:00Z"",""eta"":""ARR"",""arrival"":{""estimated"":""2024-04-30T22:22:30Z"",""scheduled"":""2024-04-30T22:25:00Z""},""departure"":{""estimated"":""2024-04-30T22:27:24Z"",""scheduled"":""2024-04-30T22:28:00Z""},""diff"":""goo"",""diffMin"":-2},{""station"":""Glencoe"",""code"":""GLNC"",""estimated"":""2024-04-30T22:59:18Z"",""scheduled"":""2024-04-30T22:59:00Z"",""eta"":""ARR"",""arrival"":{""estimated"":""2024-04-30T22:59:18Z"",""scheduled"":""2024-04-30T22:59:00Z""},""departure"":{""estimated"":""2024-04-30T22:59:34Z"",""scheduled"":""2024-04-30T23:00:00Z""},""diff"":""goo"",""diffMin"":0},{""station"":""London"",""code"":""LNDN"",""estimated"":""2024-04-30T23:29:22Z"",""scheduled"":""2024-04-30T23:32:00Z"",""eta"":""ARR"",""arrival"":{""estimated"":""2024-04-30T23:29:22Z"",""scheduled"":""2024-04-30T23:32:00Z""},""departure"":{""estimated"":""2024-04-30T23:37:34Z"",""scheduled"":""2024-04-30T23:38:00Z""},""diff"":""goo"",""diffMin"":-2},{""station"":""Ingersoll"",""code"":""INGR"",""estimated"":""2024-05-01T00:10:12Z"",""scheduled"":""2024-04-30T23:57:00Z"",""eta"":""ARR"",""arrival"":{""estimated"":""2024-05-01T00:10:12Z"",""scheduled"":""2024-04-30T23:57:00Z""},""departure"":{""estimated"":""2024-05-01T00:10:12Z"",""scheduled"":""2024-04-30T23:58:00Z""},""diff"":""med"",""diffMin"":13},{""station"":""Woodstock"",""code"":""WDST"",""estimated"":""2024-05-01T00:21:09Z"",""scheduled"":""2024-05-01T00:08:00Z"",""eta"":""ARR"",""arrival"":{""estimated"":""2024-05-01T00:21:09Z"",""scheduled"":""2024-05-01T00:08:00Z""},""departure"":{""estimated"":""2024-05-01T00:21:09Z"",""scheduled"":""2024-05-01T00:10:00Z""},""diff"":""med"",""diffMin"":13},{""station"":""Brantford"",""code"":""BRTF"",""estimated"":""2024-05-01T00:51:11Z"",""scheduled"":""2024-05-01T00:39:00Z"",""eta"":""2 mins"",""arrival"":{""estimated"":""2024-05-01T00:51:11Z"",""scheduled"":""2024-05-01T00:39:00Z""},""departure"":{""estimated"":""2024-05-01T00:51:11Z"",""scheduled"":""2024-05-01T00:41:00Z""},""diff"":""med"",""diffMin"":12},{""station"":""Aldershot"",""code"":""ALDR"",""estimated"":""2024-05-01T01:21:11Z"",""scheduled"":""2024-05-01T01:09:00Z"",""eta"":""32 mins"",""arrival"":{""estimated"":""2024-05-01T01:21:11Z"",""scheduled"":""2024-05-01T01:09:00Z""},""departure"":{""estimated"":""2024-05-01T01:21:11Z"",""scheduled"":""2024-05-01T01:11:00Z""},""diff"":""med"",""diffMin"":12},{""station"":""Oakville"",""code"":""OAKV"",""estimated"":""2024-05-01T01:36:11Z"",""scheduled"":""2024-05-01T01:24:00Z"",""eta"":""47 mins"",""arrival"":{""estimated"":""2024-05-01T01:36:11Z"",""scheduled"":""2024-05-01T01:24:00Z""},""departure"":{""estimated"":""2024-05-01T01:36:11Z"",""scheduled"":""2024-05-01T01:26:00Z""},""diff"":""med"",""diffMin"":12},{""station"":""Toronto"",""code"":""TRTO"",""estimated"":""2024-05-01T02:02:11Z"",""scheduled"":""2024-05-01T01:50:00Z"",""eta"":""1h13"",""arrival"":{""estimated"":""2024-05-01T02:02:11Z"",""scheduled"":""2024-05-01T01:50:00Z""},""diff"":""med"",""diffMin"":12}]"
"38",true,true,"OTTAWA","MONTRÉAL","2024-04-30","[{""station"":""Ottawa"",""code"":""OTTW"",""estimated"":""2024-04-30T22:00:00Z"",""scheduled"":""2024-04-30T21:55:00Z"",""eta"":""ARR"",""departure"":{""estimated"":""2024-04-30T22:00:00Z"",""scheduled"":""2024-04-30T21:55:00Z""},""diff"":""med"",""diffMin"":5},{""station"":""Casselman"",""code"":""CSLM"",""estimated"":""2024-04-30T22:26:12Z"",""scheduled"":""2024-04-30T22:26:00Z"",""eta"":""ARR"",""arrival"":{""estimated"":""2024-04-30T22:26:12Z"",""scheduled"":""2024-04-30T22:26:00Z""},""departure"":{""estimated"":""2024-04-30T22:26:12Z"",""scheduled"":""2024-04-30T22:27:00Z""},""diff"":""goo"",""diffMin"":0},{""station"":""Alexandria"",""code"":""ALEX"",""estimated"":""2024-04-30T22:52:53Z"",""scheduled"":""2024-04-30T22:49:00Z"",""eta"":""ARR"",""arrival"":{""estimated"":""2024-04-30T22:52:53Z"",""scheduled"":""2024-04-30T22:49:00Z""},""departure"":{""estimated"":""2024-04-30T22:52:53Z"",""scheduled"":""2024-04-30T22:51:00Z""},""diff"":""goo"",""diffMin"":3},{""station"":""Dorval"",""code"":""DORV"",""estimated"":""2024-04-30T23:37:01Z"",""scheduled"":""2024-04-30T23:35:00Z"",""eta"":""ARR"",""arrival"":{""estimated"":""2024-04-30T23:37:01Z"",""scheduled"":""2024-04-30T23:35:00Z""},""departure"":{""estimated"":""2024-04-30T23:37:01Z"",""scheduled"":""2024-04-30T23:37:00Z""},""diff"":""goo"",""diffMin"":2},{""station"":""Montréal"",""code"":""MTRL"",""estimated"":""2024-05-01T00:03:50Z"",""scheduled"":""2024-04-30T23:57:00Z"",""eta"":""ARR"",""arrival"":{""estimated"":""2024-05-01T00:03:50Z"",""scheduled"":""2024-04-30T23:57:00Z""},""diff"":""med"",""diffMin"":6}]"
"48",true,false,"TORONTO","OTTAWA","2024-04-30","[{""station"":""Toronto"",""code"":""TRTO"",""estimated"":""2024-04-30T22:32:00Z"",""scheduled"":""2024-04-30T22:32:00Z"",""eta"":""ARR"",""departure"":{""estimated"":""2024-04-30T22:32:00Z"",""scheduled"":""2024-04-30T22:32:00Z""},""diff"":""goo"",""diffMin"":0},{""station"":""Guildwood"",""code"":""GUIL"",""estimated"":""2024-04-30T22:54:18Z"",""scheduled"":""2024-04-30T22:48:00Z"",""eta"":""ARR"",""arrival"":{""estimated"":""2024-04-30T22:54:18Z"",""scheduled"":""2024-04-30T22:48:00Z""},""departure"":{""estimated"":""2024-04-30T22:54:18Z"",""scheduled"":""2024-04-30T22:50:00Z""},""diff"":""med"",""diffMin"":6},{""station"":""Oshawa"",""code"":""OSHA"",""estimated"":""2024-04-30T23:13:25Z"",""scheduled"":""2024-04-30T23:05:00Z"",""eta"":""ARR"",""arrival"":{""estimated"":""2024-04-30T23:13:25Z"",""scheduled"":""2024-04-30T23:05:00Z""},""departure"":{""estimated"":""2024-04-30T23:13:25Z"",""scheduled"":""2024-04-30T23:08:00Z""},""diff"":""med"",""diffMin"":8},{""station"":""Port Hope"",""code"":""PHOP"",""estimated"":""2024-04-30T23:46:54Z"",""scheduled"":""2024-04-30T23:33:00Z"",""eta"":""ARR"",""arrival"":{""estimated"":""2024-04-30T23:46:54Z"",""scheduled"":""2024-04-30T23:33:00Z""},""departure"":{""estimated"":""2024-04-30T23:46:54Z"",""scheduled"":""2024-04-30T23:35:00Z""},""diff"":""med"",""diffMin"":13},{""station"":""Cobourg"",""code"":""CBRG"",""estimated"":""2024-04-30T23:56:48Z"",""scheduled"":""2024-04-30T23:42:00Z"",""eta"":""ARR"",""arrival"":{""estimated"":""2024-04-30T23:56:48Z"",""scheduled"":""2024-04-30T23:42:00Z""},""departure"":{""estimated"":""2024-04-30T23:56:48Z"",""scheduled"":""2024-04-30T23:45:00Z""},""diff"":""med"",""diffMin"":14},{""station"":""Trenton Jct."",""code"":""TRNJ"",""estimated"":""2024-05-01T00:24:42Z"",""scheduled"":""2024-05-01T00:09:01Z"",""eta"":""ARR"",""arrival"":{""estimated"":""2024-05-01T00:24:42Z"",""scheduled"":""2024-05-01T00:09:01Z""},""departure"":{""estimated"":""2024-05-01T00:24:42Z"",""scheduled"":""2024-05-01T00:11:00Z""},""diff"":""bad"",""diffMin"":15},{""station"":""Belleville"",""code"":""BLVL"",""estimated"":""2024-05-01T00:38:46Z"",""scheduled"":""2024-05-01T00:25:00Z"",""eta"":""ARR"",""arrival"":{""estimated"":""2024-05-01T00:38:46Z"",""scheduled"":""2024-05-01T00:25:00Z""},""departure"":{""estimated"":""2024-05-01T00:38:46Z"",""scheduled"":""2024-05-01T00:28:00Z""},""diff"":""med"",""diffMin"":13},{""station"":""Napanee"",""code"":""NAPN"",""estimated"":""2024-05-01T00:58:47Z"",""scheduled"":""2024-05-01T00:45:00Z"",""eta"":""10 mins"",""arrival"":{""estimated"":""2024-05-01T00:58:47Z"",""scheduled"":""2024-05-01T00:45:00Z""},""departure"":{""estimated"":""2024-05-01T00:58:47Z"",""scheduled"":""2024-05-01T00:46:00Z""},""diff"":""med"",""diffMin"":13},{""station"":""Kingston"",""code"":""KGON"",""estimated"":""2024-05-01T01:18:47Z"",""scheduled"":""2024-05-01T01:05:00Z"",""eta"":""30 mins"",""arrival"":{""estimated"":""2024-05-01T01:18:47Z"",""scheduled"":""2024-05-01T01:05:00Z""},""departure"":{""estimated"":""2024-05-01T01:18:47Z"",""scheduled"":""2024-05-01T01:08:00Z""},""diff"":""med"",""diffMin"":13},{""station"":""Gananoque"",""code"":""GANA"",""estimated"":""2024-05-01T01:42:47Z"",""scheduled"":""2024-05-01T01:29:00Z"",""eta"":""54 mins"",""arrival"":{""estimated"":""2024-05-01T01:42:47Z"",""scheduled"":""2024-05-01T01:29:00Z""},""departure"":{""estimated"":""2024-05-01T01:42:47Z"",""scheduled"":""2024-05-01T01:30:00Z""},""diff"":""med"",""diffMin"":13},{""station"":""Brockville"",""code"":""BRKV"",""estimated"":""2024-05-01T02:06:47Z"",""scheduled"":""2024-05-01T01:53:00Z"",""eta"":""1h18"",""arrival"":{""estimated"":""2024-05-01T02:06:47Z"",""scheduled"":""2024-05-01T01:53:00Z""},""departure"":{""estimated"":""2024-05-01T02:06:47Z"",""scheduled"":""2024-05-01T01:55:00Z""},""diff"":""med"",""diffMin"":13},{""station"":""Smiths Falls"",""code"":""SMTF"",""estimated"":""2024-05-01T02:36:47Z"",""scheduled"":""2024-05-01T02:23:00Z"",""eta"":""1h48"",""arrival"":{""estimated"":""2024-05-01T02:36:47Z"",""scheduled"":""2024-05-01T02:23:00Z""},""departure"":{""estimated"":""2024-05-01T02:36:47Z"",""scheduled"":""2024-05-01T02:25:00Z""},""diff"":""med"",""diffMin"":13},{""station"":""Fallowfield"",""code"":""FALL"",""estimated"":""2024-05-01T03:03:47Z"",""scheduled"":""2024-05-01T02:50:00Z"",""eta"":""2h15"",""arrival"":{""estimated"":""2024-05-01T03:03:47Z"",""scheduled"":""2024-05-01T02:50:00Z""},""departure"":{""estimated"":""2024-05-01T03:03:47Z"",""scheduled"":""2024-05-01T02:52:00Z""},""diff"":""med"",""diffMin"":13},{""station"":""Ottawa"",""code"":""OTTW"",""estimated"":""2024-05-01T03:21:47Z"",""scheduled"":""2024-05-01T03:08:00Z"",""eta"":""2h33"",""arrival"":{""estimated"":""2024-05-01T03:21:47Z"",""scheduled"":""2024-05-01T03:08:00Z""},""diff"":""med"",""diffMin"":13}]"
"669",true,false,"MONTRÉAL","TORONTO","2024-04-30","[{""station"":""Montréal"",""code"":""MTRL"",""estimated"":""2024-04-30T22:25:00Z"",""scheduled"":""2024-04-30T22:25:00Z"",""eta"":""ARR"",""departure"":{""estimated"":""2024-04-30T22:25:00Z"",""scheduled"":""2024-04-30T22:25:00Z""},""diff"":""goo"",""diffMin"":0},{""station"":""Dorval"",""code"":""DORV"",""estimated"":""2024-04-30T22:47:17Z"",""scheduled"":""2024-04-30T22:48:00Z"",""eta"":""ARR"",""arrival"":{""estimated"":""2024-04-30T22:47:17Z"",""scheduled"":""2024-04-30T22:48:00Z""},""departure"":{""estimated"":""2024-04-30T22:51:59Z"",""scheduled"":""2024-04-30T22:52:00Z""},""diff"":""goo"",""diffMin"":0},{""station"":""Cornwall"",""code"":""CWLL"",""estimated"":""2024-04-30T23:38:32Z"",""scheduled"":""2024-04-30T23:41:00Z"",""eta"":""ARR"",""arrival"":{""estimated"":""2024-04-30T23:38:32Z"",""scheduled"":""2024-04-30T23:41:00Z""},""departure"":{""estimated"":""2024-04-30T23:42:39Z"",""scheduled"":""2024-04-30T23:43:00Z""},""diff"":""goo"",""diffMin"":-2},{""station"":""Kingston"",""code"":""KGON"",""estimated"":""2024-05-01T01:05:45Z"",""scheduled"":""2024-05-01T01:06:00Z"",""eta"":""17 mins"",""arrival"":{""estimated"":""2024-05-01T01:05:45Z"",""scheduled"":""2024-05-01T01:06:00Z""},""departure"":{""estimated"":""2024-05-01T01:09:00Z"",""scheduled"":""2024-05-01T01:09:00Z""},""diff"":""goo"",""diffMin"":0},{""station"":""Oshawa"",""code"":""OSHA"",""estimated"":""2024-05-01T02:53:00Z"",""scheduled"":""2024-05-01T02:53:00Z"",""eta"":""2h04"",""arrival"":{""estimated"":""2024-05-01T02:53:00Z"",""scheduled"":""2024-05-01T02:53:00Z""},""departure"":{""estimated"":""2024-05-01T02:55:00Z"",""scheduled"":""2024-05-01T02:55:00Z""},""diff"":""goo"",""diffMin"":0},{""station"":""Guildwood"",""code"":""GUIL"",""estimated"":""2024-05-01T03:14:00Z"",""scheduled"":""2024-05-01T03:14:00Z"",""eta"":""2h25"",""arrival"":{""estimated"":""2024-05-01T03:14:00Z"",""scheduled"":""2024-05-01T03:14:00Z""},""departure"":{""estimated"":""2024-05-01T03:15:00Z"",""scheduled"":""2024-05-01T03:15:00Z""},""diff"":""goo"",""diffMin"":0},{""station"":""Toronto"",""code"":""TRTO"",""estimated"":""2024-05-01T03:33:00Z"",""scheduled"":""2024-05-01T03:33:00Z"",""eta"":""2h44"",""arrival"":{""estimated"":""2024-05-01T03:33:00Z"",""scheduled"":""2024-05-01T03:33:00Z""},""diff"":""goo"",""diffMin"":0}]"
"79",true,false,"TORONTO","WINDSOR","2024-04-30","[{""station"":""Toronto"",""code"":""TRTO"",""estimated"":""2024-04-30T23:48:00Z"",""scheduled"":""2024-04-30T23:45:00Z"",""eta"":""ARR"",""departure"":{""estimated"":""2024-04-30T23:48:00Z"",""scheduled"":""2024-04-30T23:45:00Z""},""diff"":""goo"",""diffMin"":3},{""station"":""Oakville"",""code"":""OAKV"",""estimated"":""2024-05-01T00:14:18Z"",""scheduled"":""2024-05-01T00:07:00Z"",""eta"":""ARR"",""arrival"":{""estimated"":""2024-05-01T00:14:18Z"",""scheduled"":""2024-05-01T00:07:00Z""},""departure"":{""estimated"":""2024-05-01T00:14:18Z"",""scheduled"":""2024-05-01T00:09:00Z""},""diff"":""med"",""diffMin"":7},{""station"":""Aldershot"",""code"":""ALDR"",""estimated"":""2024-05-01T00:31:12Z"",""scheduled"":""2024-05-01T00:22:00Z"",""eta"":""ARR"",""arrival"":{""estimated"":""2024-05-01T00:31:12Z"",""scheduled"":""2024-05-01T00:22:00Z""},""departure"":{""estimated"":""2024-05-01T00:31:12Z"",""scheduled"":""2024-05-01T00:23:00Z""},""diff"":""med"",""diffMin"":9},{""station"":""Brantford"",""code"":""BRTF"",""estimated"":""2024-05-01T01:03:49Z"",""scheduled"":""2024-05-01T00:50:00Z"",""eta"":""15 mins"",""arrival"":{""estimated"":""2024-05-01T01:03:49Z"",""scheduled"":""2024-05-01T00:50:00Z""},""departure"":{""estimated"":""2024-05-01T01:03:49Z"",""scheduled"":""2024-05-01T00:51:00Z""},""diff"":""med"",""diffMin"":13},{""station"":""Woodstock"",""code"":""WDST"",""estimated"":""2024-05-01T01:30:49Z"",""scheduled"":""2024-05-01T01:17:00Z"",""eta"":""42 mins"",""arrival"":{""estimated"":""2024-05-01T01:30:49Z"",""scheduled"":""2024-05-01T01:17:00Z""},""departure"":{""estimated"":""2024-05-01T01:30:49Z"",""scheduled"":""2024-05-01T01:18:00Z""},""diff"":""med"",""diffMin"":13},{""station"":""Ingersoll"",""code"":""INGR"",""estimated"":""2024-05-01T01:43:49Z"",""scheduled"":""2024-05-01T01:30:00Z"",""eta"":""55 mins"",""arrival"":{""estimated"":""2024-05-01T01:43:49Z"",""scheduled"":""2024-05-01T01:30:00Z""},""departure"":{""estimated"":""2024-05-01T01:43:49Z"",""scheduled"":""2024-05-01T01:31:00Z""},""diff"":""med"",""diffMin"":13},{""station"":""London"",""code"":""LNDN"",""estimated"":""2024-05-01T02:05:49Z"",""scheduled"":""2024-05-01T01:52:00Z"",""eta"":""1h17"",""arrival"":{""estimated"":""2024-05-01T02:05:49Z"",""scheduled"":""2024-05-01T01:52:00Z""},""departure"":{""estimated"":""2024-05-01T02:05:49Z"",""scheduled"":""2024-05-01T01:57:00Z""},""diff"":""med"",""diffMin"":13},{""station"":""Glencoe"",""code"":""GLNC"",""estimated"":""2024-05-01T02:38:49Z"",""scheduled"":""2024-05-01T02:25:00Z"",""eta"":""1h50"",""arrival"":{""estimated"":""2024-05-01T02:38:49Z"",""scheduled"":""2024-05-01T02:25:00Z""},""departure"":{""estimated"":""2024-05-01T02:38:49Z"",""scheduled"":""2024-05-01T02:26:00Z""},""diff"":""med"",""diffMin"":13},{""station"":""Chatham"",""code"":""CHAT"",""estimated"":""2024-05-01T03:10:49Z"",""scheduled"":""2024-05-01T02:57:00Z"",""eta"":""2h22"",""arrival"":{""estimated"":""2024-05-01T03:10:49Z"",""scheduled"":""2024-05-01T02:57:00Z""},""departure"":{""estimated"":""2024-05-01T03:10:49Z"",""scheduled"":""2024-05-01T02:59:00Z""},""diff"":""med"",""diffMin"":13},{""station"":""Windsor"",""code"":""WDON"",""estimated"":""2024-05-01T03:57:49Z"",""scheduled"":""2024-05-01T03:44:00Z"",""eta"":""3h09"",""arrival"":{""estimated"":""2024-05-01T03:57:49Z"",""scheduled"":""2024-05-01T03:44:00Z""},""diff"":""med"",""diffMin"":13}]"
"690",true,false,"CHURCHILL","THE PAS","2024-04-30","[{""station"":""Churchill"",""code"":""CHUR"",""estimated"":""2024-05-01T00:30:00Z"",""scheduled"":""2024-05-01T00:30:00Z"",""eta"":""ARR"",""departure"":{""estimated"":""2024-05-01T00:30:00Z"",""scheduled"":""2024-05-01T00:30:00Z""},""diff"":""goo"",""diffMin"":0},{""station"":""Tidal"",""code"":""TIDL"",""estimated"":""2024-05-01T01:01:40Z"",""scheduled"":""2024-05-01T00:52:00Z"",""eta"":""13 mins"",""arrival"":{""estimated"":""2024-05-01T01:01:40Z"",""scheduled"":""2024-05-01T00:52:00Z""},""departure"":{""estimated"":""2024-05-01T01:01:40Z"",""scheduled"":""2024-05-01T00:52:02Z""},""diff"":""med"",""diffMin"":9},{""station"":""Chesnaye"",""code"":""CHES"",""estimated"":""2024-05-01T03:01:40Z"",""scheduled"":""2024-05-01T02:52:00Z"",""eta"":""2h13"",""arrival"":{""estimated"":""2024-05-01T03:01:40Z"",""scheduled"":""2024-05-01T02:52:00Z""},""departure"":{""estimated"":""2024-05-01T03:01:40Z"",""scheduled"":""2024-05-01T02:52:02Z""},""diff"":""med"",""diffMin"":9},{""station"":""M'Clintock"",""code"":""MCLI"",""estimated"":""2024-05-01T03:48:40Z"",""scheduled"":""2024-05-01T03:39:00Z"",""eta"":""3h00"",""arrival"":{""estimated"":""2024-05-01T03:48:40Z"",""scheduled"":""2024-05-01T03:39:00Z""},""departure"":{""estimated"":""2024-05-01T03:48:40Z"",""scheduled"":""2024-05-01T03:39:02Z""},""diff"":""med"",""diffMin"":9},{""station"":""O'Day"",""code"":""ODAY"",""estimated"":""2024-05-01T04:33:40Z"",""scheduled"":""2024-05-01T04:24:00Z"",""eta"":""3h45"",""arrival"":{""estimated"":""2024-05-01T04:33:40Z"",""scheduled"":""2024-05-01T04:24:00Z""},""departure"":{""estimated"":""2024-05-01T04:33:40Z"",""scheduled"":""2024-05-01T04:24:02Z""},""diff"":""med"",""diffMin"":9},{""station"":""Herchmer"",""code"":""HERC"",""estimated"":""2024-05-01T05:12:40Z"",""scheduled"":""2024-05-01T05:03:00Z"",""eta"":""4h24"",""arrival"":{""estimated"":""2024-05-01T05:12:40Z"",""scheduled"":""2024-05-01T05:03:00Z""},""departure"":{""estimated"":""2024-05-01T05:12:40Z"",""scheduled"":""2024-05-01T05:03:02Z""},""diff"":""med"",""diffMin"":9},{""station"":""Thibaudeau"",""code"":""THIB"",""estimated"":""2024-05-01T06:38:40Z"",""scheduled"":""2024-05-01T06:29:00Z"",""eta"":""5h50"",""arrival"":{""estimated"":""2024-05-01T06:38:40Z"",""scheduled"":""2024-05-01T06:29:00Z""},""departure"":{""estimated"":""2024-05-01T06:38:40Z"",""scheduled"":""2024-05-01T06:29:02Z""},""diff"":""med"",""diffMin"":9},{""station"":""Weir River"",""code"":""WEIR"",""estimated"":""2024-05-01T07:55:40Z"",""scheduled"":""2024-05-01T07:46:00Z"",""eta"":""7h07"",""arrival"":{""estimated"":""2024-05-01T07:55:40Z"",""scheduled"":""2024-05-01T07:46:00Z""},""departure"":{""estimated"":""2024-05-01T07:55:40Z"",""scheduled"":""2024-05-01T07:46:02Z""},""diff"":""med"",""diffMin"":9},{""station"":""Amery"",""code"":""AMRY"",""estimated"":""2024-05-01T08:46:40Z"",""scheduled"":""2024-05-01T08:37:00Z"",""eta"":""7h58"",""arrival"":{""estimated"":""2024-05-01T08:46:40Z"",""scheduled"":""2024-05-01T08:37:00Z""},""departure"":{""estimated"":""2024-05-01T08:46:40Z"",""scheduled"":""2024-05-01T08:37:02Z""},""diff"":""med"",""diffMin"":9},{""station"":""Bird"",""code"":""BIRD"",""estimated"":""2024-05-01T09:09:40Z"",""scheduled"":""2024-05-01T09:00:00Z"",""eta"":""8h21"",""arrival"":{""estimated"":""2024-05-01T09:09:40Z"",""scheduled"":""2024-05-01T09:00:00Z""},""departure"":{""estimated"":""2024-05-01T09:09:40Z"",""scheduled"":""2024-05-01T09:00:02Z""},""diff"":""med"",""diffMin"":9},{""station"":""Gillam"",""code"":""GILL"",""estimated"":""2024-05-01T10:09:40Z"",""scheduled"":""2024-05-01T10:00:00Z"",""eta"":""9h21"",""arrival"":{""estimated"":""2024-05-01T10:09:40Z"",""scheduled"":""2024-05-01T10:00:00Z""},""departure"":{""estimated"":""2024-05-01T10:39:40Z"",""scheduled"":""2024-05-01T10:30:00Z""},""diff"":""med"",""diffMin"":9},{""station"":""Wivenhoe"",""code"":""WVHO"",""estimated"":""2024-05-01T11:25:40Z"",""scheduled"":""2024-05-01T11:16:00Z"",""eta"":""10h37"",""arrival"":{""estimated"":""2024-05-01T11:25:40Z"",""scheduled"":""2024-05-01T11:16:00Z""},""departure"":{""estimated"":""2024-05-01T11:25:40Z"",""scheduled"":""2024-05-01T11:16:02Z""},""diff"":""med"",""diffMin"":9},{""station"":""Ilford"",""code"":""ILFO"",""estimated"":""2024-05-01T12:02:40Z"",""scheduled"":""2024-05-01T11:53:00Z"",""eta"":""11h14"",""arrival"":{""estimated"":""2024-05-01T12:02:40Z"",""scheduled"":""2024-05-01T11:53:00Z""},""departure"":{""estimated"":""2024-05-01T12:02:40Z"",""scheduled"":""2024-05-01T11:53:02Z""},""diff"":""med"",""diffMin"":9},{""station"":""Pit Siding"",""code"":""PITS"",""estimated"":""2024-05-01T13:03:40Z"",""scheduled"":""2024-05-01T12:54:00Z"",""eta"":""12h15"",""arrival"":{""estimated"":""2024-05-01T13:03:40Z"",""scheduled"":""2024-05-01T12:54:00Z""},""departure"":{""estimated"":""2024-05-01T13:03:40Z"",""scheduled"":""2024-05-01T12:54:02Z""},""diff"":""med"",""diffMin"":9},{""station"":""Bridgar"",""code"":""BRGR"",""estimated"":""2024-05-01T14:25:40Z"",""scheduled"":""2024-05-01T14:16:00Z"",""eta"":""13h37"",""arrival"":{""estimated"":""2024-05-01T14:25:40Z"",""scheduled"":""2024-05-01T14:16:00Z""},""departure"":{""estimated"":""2024-05-01T14:25:40Z"",""scheduled"":""2024-05-01T14:16:02Z""},""diff"":""med"",""diffMin"":9},{""station"":""Pikwitonei"",""code"":""PIKW"",""estimated"":""2024-05-01T14:36:40Z"",""scheduled"":""2024-05-01T14:27:00Z"",""eta"":""13h48"",""arrival"":{""estimated"":""2024-05-01T14:36:40Z"",""scheduled"":""2024-05-01T14:27:00Z""},""departure"":{""estimated"":""2024-05-01T14:36:40Z"",""scheduled"":""2024-05-01T14:27:02Z""},""diff"":""med"",""diffMin"":9}]"